15 516
62 95 91 48 81 15 75 77 8 13 73 57 5 45 69 
59 12 0 0 61 70 49 23 4 70 0 11 83 0 67 
12 0 0 0 50 0 0 87 89 10 2 0 0 60 0 
0 0 0 12 0 0 0 66 0 85 0 87 71 77 30 
0 0 12 0 98 23 17 0 0 0 0 36 30 0 0 
61 50 0 98 21 69 0 0 0 0 0 78 0 0 0 
70 0 0 23 69 17 62 13 0 70 91 51 54 0 0 
49 0 0 17 0 62 30 36 96 19 0 0 56 34 34 
23 87 66 0 0 13 36 72 0 0 0 47 28 0 4 
4 89 0 0 0 0 96 0 0 0 0 0 53 0 0 
70 10 85 0 0 70 19 0 0 17 73 95 49 66 0 
0 2 0 0 0 91 0 0 0 73 69 0 17 71 0 
11 0 87 36 78 51 0 47 0 95 0 39 100 0 0 
83 0 71 30 0 54 56 28 53 49 17 100 0 94 0 
0 60 77 0 0 0 34 0 0 66 71 0 94 0 0 
67 0 30 0 0 0 34 4 0 0 0 0 0 0 49 
