15 317
34 70 83 48 44 22 49 46 81 81 37 60 33 52 38 
82 0 60 83 82 38 12 96 58 0 36 93 35 58 75 
0 0 0 22 30 47 27 87 96 0 0 0 0 94 100 
60 0 27 91 81 57 15 45 0 0 2 0 0 61 0 
83 22 91 34 24 13 50 85 0 39 83 0 40 48 80 
82 30 81 24 0 76 94 12 0 35 0 67 41 9 23 
38 47 57 13 76 0 15 2 50 80 91 0 75 17 15 
12 27 15 50 94 15 0 84 28 65 87 51 0 0 8 
96 87 45 85 12 2 84 55 94 91 26 73 0 96 29 
58 96 0 0 0 50 28 94 9 1 50 22 4 63 12 
0 0 0 39 35 80 65 91 1 51 37 0 56 12 92 
36 0 2 83 0 91 87 26 50 37 79 56 0 1 59 
93 0 0 0 67 0 51 73 22 0 56 50 73 0 22 
35 0 0 40 41 75 0 0 4 56 0 73 28 73 68 
58 94 61 48 9 17 0 96 63 12 1 0 73 85 0 
75 100 0 80 23 15 8 29 12 92 59 22 68 0 0 
