15 231
8 2 5 56 38 32 36 7 66 27 48 76 16 20 5 
0 0 20 95 0 17 31 48 57 0 0 27 31 0 89 
0 0 41 0 60 32 59 74 95 0 27 0 36 72 0 
20 41 94 0 0 0 0 0 44 65 10 0 0 58 0 
95 0 0 1 0 18 0 0 68 0 82 75 0 2 77 
0 60 0 0 0 72 0 46 38 0 0 64 0 27 39 
17 32 0 18 72 5 18 0 0 7 70 30 8 0 0 
31 59 0 0 0 18 0 67 66 0 53 33 95 0 61 
48 74 0 0 46 0 67 59 0 0 96 0 0 9 40 
57 95 44 68 38 0 66 0 0 60 14 92 0 64 0 
0 0 65 0 0 7 0 0 60 78 0 2 0 0 0 
0 27 10 82 0 70 53 96 14 0 41 0 0 0 0 
27 0 0 75 64 30 33 0 92 2 0 19 0 91 0 
31 36 0 0 0 8 95 0 0 0 0 0 0 0 0 
0 72 58 2 27 0 0 9 64 0 0 91 0 65 0 
89 0 0 77 39 0 61 40 0 0 0 0 0 0 86 
