15 624
62 2 76 59 28 71 71 63 67 85 64 27 42 22 89 
59 12 28 0 63 77 76 4 34 42 0 46 0 34 96 
12 7 49 0 74 10 87 3 78 10 0 60 92 46 25 
28 49 55 2 44 85 0 87 71 77 30 68 98 23 17 
0 0 2 87 0 24 56 77 0 34 32 0 70 70 0 
63 74 44 0 4 0 89 0 21 84 89 30 70 91 51 
77 10 85 24 0 44 0 81 31 73 48 5 79 56 34 
76 87 0 56 89 0 78 72 31 64 47 28 0 4 78 
4 3 87 77 0 81 72 54 0 53 0 0 68 0 1 
34 78 71 0 21 31 31 0 22 45 67 38 19 17 71 
42 10 77 34 84 73 64 53 45 79 0 100 95 0 0 
0 0 30 32 89 48 47 0 67 0 0 46 25 57 35 
46 60 68 0 30 5 28 0 38 100 46 0 94 0 0 
0 92 98 70 70 79 0 68 19 95 25 94 0 46 31 
34 46 23 70 91 56 4 0 17 0 57 0 46 0 0 
96 25 17 0 51 34 78 1 71 0 35 0 31 0 54 
