25 568
60 72 94 48 23 10 28 35 1 8 33 54 68 2 6 66 47 67 6 26 73 89 19 52 58 
48 92 0 78 96 76 44 48 0 0 46 88 26 0 76 99 37 20 47 9 48 6 18 0 39 
92 0 98 21 18 53 0 0 69 24 6 66 68 98 31 0 58 91 0 0 5 93 54 42 63 
0 98 12 0 0 0 87 58 17 76 9 76 0 99 42 0 3 82 85 13 73 92 81 79 70 
78 21 0 61 63 63 23 0 94 51 0 15 27 6 49 47 27 73 0 0 49 29 27 25 54 
96 18 0 63 75 96 0 38 80 59 12 39 27 65 24 0 42 13 19 100 61 37 76 87 36 
76 53 0 63 96 75 0 68 85 24 42 55 57 8 63 94 60 0 0 99 77 7 0 0 0 
44 0 87 23 0 0 62 99 87 88 41 23 0 18 29 0 0 78 0 84 0 5 90 8 0 
48 0 58 0 38 68 99 4 0 11 5 0 18 13 80 58 85 71 82 0 3 58 59 0 0 
0 69 17 94 80 85 87 0 27 0 76 95 56 0 72 81 39 38 70 0 26 79 52 0 47 
0 24 76 51 59 24 88 11 0 8 0 0 82 0 65 5 98 0 46 16 46 13 60 18 68 
46 6 9 0 12 42 41 5 76 0 0 84 70 0 0 31 54 16 9 0 57 0 1 76 0 
88 66 76 15 39 55 23 0 95 0 84 52 4 0 18 69 0 64 14 74 83 84 21 1 70 
26 68 0 27 27 57 0 18 56 82 70 4 0 0 89 17 2 68 71 82 90 0 25 67 54 
0 98 99 6 65 8 18 13 0 0 0 0 0 71 8 8 26 12 87 0 59 85 5 10 0 
76 31 42 49 24 63 29 80 72 65 0 18 89 8 0 0 11 78 55 0 0 77 0 0 77 
99 0 0 47 0 94 0 58 81 5 31 69 17 8 0 0 4 94 22 0 64 6 32 67 92 
37 58 3 27 42 60 0 85 39 98 54 0 2 26 11 4 10 97 97 7 83 69 0 73 23 
20 91 82 73 13 0 78 71 38 0 16 64 68 12 78 94 97 65 22 8 52 10 62 55 83 
47 0 85 0 19 0 0 82 70 46 9 14 71 87 55 22 97 22 20 55 60 23 37 0 57 
9 0 13 0 100 99 84 0 0 16 0 74 82 0 0 0 7 8 55 36 0 0 40 100 0 
48 5 73 49 61 77 0 3 26 46 57 83 90 59 0 64 83 52 60 0 0 0 17 69 81 
6 93 92 29 37 7 5 58 79 13 0 84 0 85 77 6 69 10 23 0 0 2 51 88 12 
18 54 81 27 76 0 90 59 52 60 1 21 25 5 0 32 0 62 37 40 17 51 6 0 63 
0 42 79 25 87 0 8 0 0 18 76 1 67 10 0 67 73 55 0 100 69 88 0 0 89 
39 63 70 54 36 0 0 0 47 68 0 70 54 0 77 92 23 83 57 0 81 12 63 89 67 
