25 489
60 51 84 89 46 62 93 40 81 64 77 38 53 36 73 71 9 77 38 77 83 52 56 78 82 
48 92 0 78 0 85 0 0 0 0 83 46 88 26 0 76 0 75 63 17 17 0 0 6 18 
92 0 0 52 0 0 68 70 90 0 0 0 0 0 72 0 68 98 0 99 58 91 0 0 5 
0 0 51 0 42 63 18 0 79 0 0 14 0 59 0 0 16 0 0 33 68 92 78 0 64 
78 52 0 74 0 54 0 0 0 0 91 0 0 63 23 0 0 18 73 0 1 0 0 0 21 
0 0 42 0 0 44 51 0 49 29 0 25 44 93 56 47 0 0 80 59 12 39 27 65 24 
85 0 63 54 44 0 0 0 54 0 0 0 0 0 76 87 36 41 0 28 0 19 0 42 55 
0 68 18 0 51 0 0 8 63 94 60 0 0 99 77 7 0 0 0 56 7 16 0 0 0 
0 70 0 0 0 0 8 23 0 18 0 0 0 0 62 0 0 0 5 0 0 0 0 7 33 
0 90 79 0 49 54 63 0 0 5 0 18 13 80 0 0 0 71 0 0 8 65 0 87 0 
0 0 0 0 29 0 94 18 5 0 31 0 0 95 0 20 72 81 39 0 0 0 0 0 0 
83 0 0 91 0 0 60 0 0 31 18 0 44 0 8 0 0 0 91 0 46 41 44 46 16 
46 0 14 0 25 0 0 0 18 0 0 0 0 9 0 0 68 34 84 0 0 0 0 0 0 
88 0 0 0 44 0 0 0 13 0 44 0 16 9 0 57 0 1 76 0 0 90 0 0 18 
26 0 59 63 93 0 99 0 80 95 0 9 9 20 9 0 0 74 0 23 66 36 0 0 81 
0 72 0 23 56 76 77 62 0 0 8 0 0 9 82 36 46 0 0 71 0 0 67 0 0 
76 0 0 0 47 87 7 0 0 20 0 0 57 0 36 0 54 0 68 0 8 26 12 0 87 
0 68 16 0 0 36 0 0 0 72 0 68 0 0 46 54 4 88 46 31 0 0 0 0 10 
75 98 0 18 0 41 0 0 71 81 0 34 1 74 0 0 88 55 0 0 77 0 0 77 47 
63 0 0 73 80 0 0 5 0 39 91 84 76 0 0 68 46 0 0 94 22 0 64 6 32 
17 99 33 0 59 28 56 0 0 0 0 0 0 23 71 0 31 0 94 71 48 0 0 12 0 
17 58 68 1 12 0 7 0 8 0 46 0 0 66 0 8 0 77 22 48 46 62 0 0 73 
0 91 92 0 39 19 16 0 65 0 41 0 90 36 0 26 0 0 0 0 62 0 0 0 22 
0 0 78 0 27 0 0 0 0 0 44 0 0 0 67 12 0 0 64 0 0 0 92 91 82 
6 0 0 0 65 42 0 7 87 0 46 0 0 0 0 0 0 77 6 12 0 0 91 39 60 
18 5 64 21 24 55 0 33 0 0 16 0 18 81 0 87 10 47 32 0 73 22 82 60 80 
