15 796
85 15 87 8 64 91 33 63 8 99 53 58 95 95 6 
0 0 0 49 0 63 63 77 100 0 38 55 64 21 0 
0 0 0 89 53 0 0 30 0 87 0 15 0 16 0 
0 0 0 0 0 0 80 0 0 0 26 37 0 0 25 
49 89 0 0 0 34 78 0 0 0 97 35 0 0 57 
0 53 0 0 37 12 0 96 0 24 76 0 50 50 0 
63 0 0 34 12 0 9 97 0 9 36 88 0 0 39 
63 0 80 78 0 9 82 0 0 39 33 0 92 0 84 
77 30 0 0 96 97 0 0 0 0 51 69 0 47 0 
100 0 0 0 0 0 0 0 42 70 0 77 12 49 3 
0 87 0 0 24 9 39 0 70 35 52 18 0 0 0 
38 0 26 97 76 36 33 51 0 52 0 30 69 4 37 
55 15 37 35 0 88 0 69 77 18 30 65 72 64 11 
64 0 0 0 50 0 92 0 12 0 69 72 0 0 14 
21 16 0 0 50 0 0 47 49 0 4 64 0 34 0 
0 0 25 57 0 39 84 0 3 0 37 11 14 0 7 
