25 1340
85 59 91 38 17 59 49 78 65 84 46 55 76 46 20 8 63 64 20 21 81 62 91 32 49 
0 5 79 74 63 63 77 100 99 3 1 0 21 0 78 0 89 53 56 59 85 87 0 15 0 
5 0 0 0 98 42 70 0 18 0 26 37 33 95 44 68 34 78 70 91 97 35 72 96 0 
79 0 89 63 80 0 43 2 0 58 0 84 47 78 36 71 9 36 88 3 0 34 82 67 84 
74 0 63 33 46 37 0 64 55 73 51 69 51 20 0 42 70 0 77 12 49 3 66 71 99 
63 98 80 46 4 52 0 93 54 9 30 0 65 72 64 11 68 71 96 34 0 24 79 64 90 
63 42 0 37 52 28 10 53 6 0 50 69 68 100 98 66 12 0 0 70 76 16 82 54 7 
77 70 43 0 0 10 29 35 70 0 5 74 62 5 78 0 90 52 49 0 0 13 50 46 0 
100 0 2 64 93 53 35 0 74 29 54 0 1 68 0 15 0 25 0 52 77 0 69 26 0 
99 18 0 55 54 6 70 74 29 85 84 56 0 0 27 92 88 0 7 0 10 0 0 91 0 
3 0 58 73 9 0 0 29 85 90 40 51 0 33 32 31 100 28 63 0 10 45 91 19 19 
1 26 0 51 30 50 5 54 84 40 0 0 0 42 49 58 44 92 58 85 26 55 92 25 27 
0 37 84 69 0 69 74 0 56 51 0 5 0 48 71 20 68 49 90 82 61 68 94 82 75 
21 33 47 51 65 68 62 1 0 0 0 0 88 0 0 48 0 0 58 40 48 24 80 7 27 
0 95 78 20 72 100 5 68 0 33 42 48 0 0 39 25 100 51 41 0 57 0 13 12 0 
78 44 36 0 64 98 78 0 27 32 49 71 0 39 85 12 13 93 54 93 28 85 30 0 50 
0 68 71 42 11 66 0 15 92 31 58 20 48 25 12 74 35 17 39 89 6 39 39 20 20 
89 34 9 70 68 12 90 0 88 100 44 68 0 100 13 35 53 45 4 71 85 96 48 71 60 
53 78 36 0 71 0 52 25 0 28 92 49 0 51 93 17 45 57 34 50 23 40 62 53 91 
56 70 88 77 96 0 49 0 7 63 58 90 58 41 54 39 4 34 96 0 73 0 0 47 64 
59 91 3 12 34 70 0 52 0 0 85 82 40 0 93 89 71 50 0 97 47 38 49 100 84 
85 97 0 49 0 76 0 77 10 10 26 61 48 57 28 6 85 23 73 47 0 19 64 67 0 
87 35 34 3 24 16 13 0 0 45 55 68 24 0 85 39 96 40 0 38 19 73 17 60 23 
0 72 82 66 79 82 50 69 0 91 92 94 80 13 30 39 48 62 0 49 64 17 78 89 7 
15 96 67 71 64 54 46 26 91 19 25 82 7 12 0 20 71 53 47 100 67 60 89 0 0 
0 0 84 99 90 7 0 0 0 19 27 75 27 0 50 20 60 91 64 84 0 23 7 0 29 
