25 1228
8 91 70 79 40 68 83 84 51 80 77 46 24 19 9 66 61 43 41 84 98 3 20 43 21 
68 7 0 87 0 0 31 48 57 36 80 51 98 89 59 41 0 60 32 59 74 95 0 27 0 
7 89 9 0 94 0 0 36 36 44 65 10 58 0 0 0 46 0 33 1 95 10 14 0 36 
0 9 2 77 54 72 0 46 38 0 69 42 15 50 3 1 15 0 42 10 0 79 48 73 2 
87 0 77 10 16 76 32 0 0 23 0 0 0 23 4 2 0 9 40 1 60 14 92 87 5 
0 94 54 16 82 0 60 0 3 0 76 0 48 0 0 50 100 91 17 19 17 69 90 76 86 
0 0 72 76 0 47 23 0 0 73 0 0 0 74 27 0 7 0 58 70 73 87 83 9 29 
31 0 0 32 60 23 72 15 0 1 26 20 0 44 0 0 72 0 83 0 22 0 79 31 0 
48 36 46 0 0 0 15 67 11 23 0 0 10 5 30 0 63 50 92 6 73 0 72 9 0 
57 36 38 0 3 0 0 11 49 60 0 62 80 46 26 19 0 23 46 29 76 99 14 6 60 
36 44 0 23 0 73 1 23 60 61 46 0 37 64 35 0 10 48 46 0 0 86 75 86 51 
80 65 69 0 76 0 26 0 0 46 0 51 28 15 49 20 4 32 14 9 0 17 0 37 39 
51 10 42 0 0 0 20 0 62 0 51 92 0 66 40 46 36 0 0 39 15 42 79 4 25 
98 58 15 0 48 0 0 10 80 37 28 0 100 63 67 29 32 35 39 85 0 0 99 95 57 
89 0 50 23 0 74 44 5 46 64 15 66 63 0 64 66 16 35 26 64 71 59 15 90 0 
59 0 3 4 0 27 0 30 26 35 49 40 67 64 0 55 100 39 66 61 0 0 6 83 18 
41 0 1 2 50 0 0 0 19 0 20 46 29 66 55 0 15 26 0 36 51 0 0 65 35 
0 46 15 0 100 7 72 63 0 10 4 36 32 16 100 15 48 85 0 80 64 65 61 0 0 
60 0 0 9 91 0 0 50 23 48 32 0 35 35 39 26 85 0 90 83 0 72 5 0 48 
32 33 42 40 17 58 83 92 46 46 14 0 39 26 66 0 0 90 32 58 32 76 33 89 20 
59 1 10 1 19 70 0 6 29 0 9 39 85 64 61 36 80 83 58 63 81 79 53 0 67 
74 95 0 60 17 73 22 73 76 0 0 15 0 71 0 51 64 0 32 81 0 53 15 97 51 
95 10 79 14 69 87 0 0 99 86 17 42 0 59 0 0 65 72 76 79 53 41 63 0 33 
0 14 48 92 90 83 79 72 14 75 0 79 99 15 6 0 61 5 33 53 15 63 83 80 9 
27 0 73 87 76 9 31 9 6 86 37 4 95 90 83 65 0 0 89 0 97 0 80 38 42 
0 36 2 5 86 29 0 0 60 51 39 25 57 0 18 35 0 48 20 67 51 33 9 42 73 
