25 50
62 36 24 60 8 61 72 11 43 27 53 52 49 89 54 38 75 50 13 77 78 2 79 46 87 
59 12 0 0 61 70 49 23 4 70 0 11 83 0 67 62 0 0 50 0 0 87 89 10 2 
12 0 76 76 24 12 0 0 0 66 0 85 0 87 71 77 30 0 0 0 23 17 0 0 0 
0 76 0 56 0 0 0 0 0 69 0 0 0 0 0 78 0 0 0 21 84 89 30 70 91 
0 76 56 0 54 0 0 0 31 73 48 0 0 0 56 34 34 90 96 0 0 47 28 0 4 
61 24 0 54 0 0 0 0 53 0 0 68 0 1 33 84 98 4 90 65 13 0 0 39 100 
70 12 0 0 0 0 0 0 94 0 37 0 38 28 0 94 0 0 0 68 65 0 0 0 0 
49 0 0 0 0 0 0 0 0 0 0 0 82 19 32 0 62 0 0 60 57 2 89 57 43 
23 0 0 0 0 0 0 77 57 0 95 0 87 27 0 0 50 18 0 0 63 78 0 39 0 
4 0 0 31 53 94 0 57 0 0 94 0 13 0 0 0 84 10 78 0 87 18 0 0 0 
70 66 69 73 0 0 0 0 0 0 22 12 0 0 0 38 39 52 0 38 81 1 9 0 0 
0 0 0 48 0 37 0 95 94 22 0 42 0 43 17 14 51 0 0 66 0 49 65 0 0 
11 85 0 0 68 0 0 0 0 12 42 28 82 0 15 20 86 43 43 0 71 0 18 0 25 
83 0 0 0 0 38 82 87 13 0 0 82 58 0 40 0 0 36 0 21 8 0 0 75 49 
0 87 0 0 1 28 19 27 0 0 43 0 0 0 0 44 55 18 73 0 0 25 78 42 19 
67 71 0 56 33 0 32 0 0 0 17 15 40 0 65 34 0 0 53 51 65 0 0 24 0 
62 77 78 34 84 94 0 0 0 38 14 20 0 44 34 86 0 0 0 0 0 0 36 0 0 
0 30 0 34 98 0 62 50 84 39 51 86 0 55 0 0 0 99 69 41 0 0 0 0 0 
0 0 0 90 4 0 0 18 10 52 0 43 36 18 0 0 99 0 0 87 96 76 64 38 0 
50 0 0 96 90 0 0 0 78 0 0 43 0 73 53 0 69 0 11 19 76 40 15 73 0 
0 0 21 0 65 68 60 0 0 38 66 0 21 0 51 0 41 87 19 0 53 0 0 0 48 
0 23 84 0 13 65 57 63 87 81 0 71 8 0 65 0 0 96 76 53 93 0 0 0 0 
87 17 89 47 0 0 2 78 18 1 49 0 0 25 0 0 0 76 40 0 0 2 0 0 63 
89 0 30 28 0 0 89 0 0 9 65 18 0 78 0 36 0 64 15 0 0 0 49 40 2 
10 0 70 0 39 0 57 39 0 0 0 0 75 42 24 0 0 38 73 0 0 0 40 0 93 
2 0 91 4 100 0 43 0 0 0 0 25 49 19 0 0 0 0 0 48 0 63 2 93 84 
