25 406
34 80 88 53 16 49 76 65 19 29 65 82 62 60 70 98 98 81 25 13 44 1 85 74 96 
82 0 60 83 82 38 12 96 58 0 36 93 35 58 75 29 0 22 30 47 27 87 96 0 0 
0 0 4 96 45 83 93 83 80 44 0 0 0 2 0 0 61 0 78 0 0 13 50 85 0 
60 4 35 0 0 40 48 80 0 35 21 35 0 25 0 9 0 0 9 23 22 15 2 50 80 
83 96 0 35 0 13 77 50 0 84 28 65 87 51 0 0 8 78 0 0 91 26 73 0 96 
82 45 0 0 82 9 1 50 22 4 63 12 4 84 0 89 7 83 0 79 56 0 1 59 96 
38 83 40 13 9 73 0 22 55 40 66 0 85 0 34 93 46 64 28 22 57 94 0 0 0 
12 93 48 77 1 0 0 0 0 91 0 57 76 17 67 31 0 0 26 0 75 0 34 32 0 
96 83 80 50 50 22 0 0 63 0 89 30 32 30 6 51 7 52 55 0 0 0 11 56 3 
58 80 0 0 22 55 0 63 49 47 5 53 0 46 89 0 20 90 4 0 22 12 71 0 99 
0 44 35 84 4 40 91 0 47 69 24 0 90 43 0 40 45 73 65 39 67 0 16 0 59 
36 0 21 28 63 66 0 89 5 24 82 20 0 17 3 11 99 10 41 45 96 78 48 55 29 
93 0 35 65 12 0 57 30 53 0 20 0 0 77 0 24 86 0 74 0 97 61 84 95 85 
35 0 0 87 4 85 76 32 0 90 0 0 20 4 76 72 40 39 56 87 96 0 57 58 0 
58 2 25 51 84 0 17 30 46 43 17 77 4 41 28 0 51 90 40 0 27 77 22 28 13 
75 0 0 0 0 34 67 6 89 0 3 0 76 28 0 7 50 94 98 0 5 3 0 70 62 
29 0 9 0 89 93 31 51 0 40 11 24 72 0 7 56 92 81 0 0 56 4 0 7 0 
0 61 0 8 7 46 0 7 20 45 99 86 40 51 50 92 30 50 10 39 0 22 54 97 36 
22 0 0 78 83 64 0 52 90 73 10 0 39 90 94 81 50 61 73 39 0 96 38 44 96 
30 78 9 0 0 28 26 55 4 65 41 74 56 40 98 0 10 73 21 33 81 28 0 82 24 
47 0 23 0 79 22 0 0 0 39 45 0 87 0 0 0 39 39 33 16 17 29 73 11 2 
27 0 22 91 56 57 75 0 22 67 96 97 96 27 5 56 0 0 81 17 15 0 72 63 34 
87 13 15 26 0 94 0 0 12 0 78 61 0 77 3 4 22 96 28 29 0 71 0 92 10 
96 50 2 73 1 0 34 11 71 16 48 84 57 22 0 0 54 38 0 73 72 0 85 22 61 
0 85 50 0 59 0 32 56 0 0 55 95 58 28 70 7 97 44 82 11 63 92 22 27 0 
0 0 80 96 96 0 0 3 99 59 29 85 0 13 62 0 36 96 24 2 34 10 61 0 17 
