15 168
85 37 88 8 75 28 98 39 51 3 67 6 63 77 14 
0 5 79 74 63 63 77 100 99 3 1 0 21 0 78 
5 0 1 34 37 30 0 87 0 15 0 16 0 0 98 
79 1 9 80 11 75 26 37 33 95 44 68 34 78 70 
74 34 80 0 97 35 72 96 0 37 12 91 93 43 2 
63 37 11 97 0 50 50 0 89 9 97 0 9 36 88 
63 30 75 35 50 100 39 33 0 0 84 68 19 92 69 
77 0 26 72 50 39 75 90 41 77 0 51 20 0 42 
100 87 37 96 0 33 90 98 63 40 0 85 0 66 71 
99 0 33 0 89 0 41 63 18 4 52 0 93 54 9 
3 15 95 37 9 0 77 40 4 37 9 37 90 95 5 
1 0 44 12 97 84 0 0 52 9 71 96 34 0 24 
0 16 68 91 0 68 51 85 0 37 96 99 4 60 28 
21 0 34 93 9 19 20 0 93 90 34 4 90 21 0 
0 0 78 43 36 92 0 66 54 95 0 60 21 0 87 
78 98 70 2 88 69 42 71 9 5 24 28 0 87 4 
