15 416
8 19 31 38 71 11 66 51 29 48 52 64 46 67 68 
68 7 0 87 0 0 31 48 57 36 80 51 98 89 59 
7 0 0 60 32 59 74 95 0 27 0 36 72 0 0 
0 0 93 0 36 36 44 65 10 58 0 0 0 46 0 
87 60 0 18 0 95 10 14 0 36 6 25 98 86 93 
0 32 36 0 27 87 0 25 28 27 39 58 0 15 0 
0 59 36 95 87 7 70 30 8 31 4 42 36 32 53 
31 74 44 10 0 70 0 95 23 0 0 0 23 4 2 
48 95 65 14 25 30 95 37 0 0 1 60 14 92 87 
57 0 10 0 28 8 23 0 41 82 0 60 0 3 0 
36 27 58 36 27 31 0 0 82 41 0 11 45 50 100 
80 0 0 6 39 4 0 1 0 0 21 0 19 17 69 
51 36 0 25 58 42 0 60 60 11 0 0 76 86 42 
98 72 0 98 0 36 23 14 0 45 19 76 23 0 0 
89 0 46 86 15 32 4 92 3 50 17 86 0 0 0 
59 0 0 93 0 53 2 87 0 100 69 42 0 0 0 
