15 481
60 35 26 88 94 75 15 28 13 69 44 11 62 12 88 
48 92 0 78 0 85 0 0 0 0 83 46 88 26 0 
92 56 92 13 0 0 17 0 0 6 18 0 0 0 0 
0 92 63 68 70 90 0 0 0 0 0 72 0 68 98 
78 13 68 26 98 0 0 0 0 5 93 0 0 0 63 
0 0 70 98 12 0 0 0 0 14 0 59 0 0 16 
85 0 90 0 0 0 0 0 68 92 78 0 64 61 0 
0 17 0 0 0 0 54 0 0 0 0 91 0 0 63 
0 0 0 0 0 0 0 60 91 18 73 0 1 0 0 
0 0 0 0 0 68 0 91 0 0 86 44 51 0 49 
0 6 0 5 14 92 0 18 0 0 0 25 44 93 56 
83 18 0 93 0 78 0 73 86 0 72 0 35 1 53 
46 0 72 0 59 0 91 0 44 25 0 39 27 65 24 
88 0 0 0 0 64 0 1 51 44 35 27 0 0 0 
26 0 68 0 0 61 0 0 0 93 1 65 0 0 0 
0 0 98 63 16 0 63 0 49 56 53 24 0 0 0 
