15 404
8 15 94 64 24 26 14 1 22 51 51 40 1 48 30 
0 0 20 95 0 0 100 79 0 15 0 0 0 31 0 
0 0 0 43 0 0 0 0 0 0 0 0 0 0 27 
20 0 37 0 0 0 0 0 0 0 0 0 0 44 0 
95 43 0 0 23 0 0 48 0 0 0 0 0 0 0 
0 0 0 23 40 82 75 0 2 0 0 0 0 93 46 
0 0 0 0 82 0 0 0 64 0 0 50 3 0 18 
100 0 0 0 75 0 0 42 0 81 0 8 0 0 0 
79 0 0 48 0 0 42 67 66 0 0 32 0 0 0 
0 0 0 0 2 64 0 66 0 0 0 0 0 96 0 
15 0 0 0 0 0 81 0 0 37 0 0 0 0 0 
0 0 0 0 0 0 0 0 0 0 0 92 0 0 0 
0 0 0 0 0 50 8 32 0 0 92 0 0 0 0 
0 0 0 0 0 3 0 0 0 0 0 0 0 0 0 
31 0 44 0 93 0 0 0 96 0 0 0 0 0 0 
0 27 0 0 46 18 0 0 0 0 0 0 0 0 0 
