25 153
62 47 26 41 21 46 89 23 58 47 84 54 65 79 36 30 48 24 46 32 14 55 23 31 78 
59 12 28 0 63 77 76 4 34 42 0 46 0 34 96 97 65 50 74 10 87 3 78 10 0 
12 3 99 84 77 55 2 44 85 0 87 71 77 30 68 98 23 17 27 10 24 56 77 0 34 
28 99 26 35 0 0 0 0 78 58 20 21 84 89 30 70 91 51 54 59 81 31 73 48 5 
0 84 35 54 81 72 78 72 31 64 47 28 0 4 78 0 0 0 53 0 0 68 0 1 33 
63 77 0 81 45 67 38 19 17 71 0 0 0 100 95 0 0 94 46 25 57 35 89 94 0 
77 55 0 72 67 39 68 65 23 22 0 5 0 52 42 0 82 19 32 0 62 82 0 76 23 
76 2 0 78 38 68 63 0 8 0 0 49 86 84 63 87 27 6 0 90 0 47 16 37 65 
4 44 0 72 19 65 0 0 0 74 0 94 0 13 31 34 84 10 78 73 0 18 0 0 28 
34 85 78 31 17 23 8 0 62 0 0 65 27 38 39 52 0 38 81 1 9 19 86 96 2 
42 0 58 64 71 22 0 74 0 67 0 14 51 0 15 16 80 30 0 67 71 11 95 15 20 
0 87 20 47 0 0 0 0 0 0 31 64 0 51 24 0 0 0 25 0 0 23 63 44 36 
46 71 21 28 0 5 49 94 65 14 64 7 7 0 0 33 99 46 99 44 55 18 73 0 35 
0 77 84 0 0 0 86 0 27 51 0 7 88 91 2 0 65 34 0 89 0 51 65 0 20 
34 30 89 4 100 52 84 13 38 0 51 0 91 13 64 56 17 0 0 96 36 0 0 96 99 
96 68 30 78 95 42 63 31 39 15 24 0 2 64 3 75 78 79 36 0 0 25 88 0 20 
97 98 70 0 0 0 87 34 52 16 0 33 0 56 75 54 18 69 77 70 0 0 15 73 78 
65 23 91 0 0 82 27 84 0 80 0 99 65 17 78 18 40 0 43 0 48 0 13 0 59 
50 17 51 0 94 19 6 10 38 30 0 46 34 0 79 69 0 81 46 0 66 12 80 98 0 
74 27 54 53 46 32 0 78 81 0 25 99 0 0 36 77 43 46 60 88 84 67 43 0 0 
10 10 59 0 25 0 90 73 1 67 0 44 89 96 0 70 0 0 88 0 73 0 63 80 0 
87 24 81 0 57 62 0 0 9 71 0 55 0 36 0 0 48 66 84 73 5 7 96 0 45 
3 56 31 68 35 82 47 18 19 11 23 18 51 0 25 0 0 12 67 0 7 83 100 59 42 
78 77 73 0 89 0 16 0 86 95 63 73 65 0 88 15 13 80 43 63 96 100 0 56 0 
10 0 48 1 94 76 37 0 96 15 44 0 0 96 0 73 0 98 0 80 0 59 56 18 0 
0 34 5 33 0 23 65 28 2 20 36 35 20 99 20 78 59 0 0 0 45 42 0 0 53 
