25 357
8 94 7 22 66 52 26 71 68 2 60 99 32 34 34 65 9 5 40 87 79 89 48 18 91 
0 0 20 95 0 17 31 48 57 0 0 27 31 0 89 59 41 0 60 32 59 74 95 0 27 
0 37 0 9 0 94 0 0 0 0 0 44 65 10 0 0 58 0 46 0 0 16 0 25 40 
20 0 0 75 0 2 77 54 72 0 46 38 0 0 64 0 27 39 58 0 15 0 42 0 81 
95 9 75 16 0 73 0 42 36 0 0 67 0 95 0 61 0 0 0 0 96 0 0 9 40 
0 0 0 0 0 60 14 92 0 64 0 0 0 0 2 0 0 0 76 0 0 36 0 50 100 
17 94 2 73 60 21 0 0 0 0 69 90 76 0 0 47 23 0 0 0 3 0 0 0 92 
31 0 77 0 14 0 0 0 0 0 0 70 0 0 18 53 40 84 72 15 0 0 0 90 93 
48 0 54 42 92 0 0 0 13 0 72 0 0 0 0 69 0 32 0 0 0 96 22 0 0 
57 0 72 36 0 0 0 13 0 27 71 0 0 63 50 92 0 0 54 43 55 16 0 85 23 
0 0 0 0 64 0 0 0 27 62 0 14 5 17 6 23 46 0 86 74 92 42 100 0 0 
0 0 46 0 0 69 0 72 71 0 46 0 37 64 0 82 10 48 46 0 0 0 17 0 0 
27 44 38 67 0 90 70 0 0 14 0 78 0 0 25 57 0 75 10 0 32 14 0 97 17 
31 65 0 0 0 76 0 0 0 5 37 0 0 30 0 0 46 54 5 3 0 63 0 0 76 
0 10 0 95 0 0 0 0 63 17 64 0 30 0 43 81 0 25 0 0 63 67 29 0 42 
89 0 64 0 2 0 18 0 50 6 0 25 0 43 39 0 69 0 99 95 57 0 0 0 0 
59 0 0 61 0 47 53 69 92 23 82 57 0 81 0 16 35 26 64 0 38 53 0 0 0 
41 58 27 0 0 23 40 0 0 46 10 0 46 0 69 35 0 55 0 58 85 87 0 0 78 
0 0 39 0 0 0 84 32 0 0 48 75 54 25 0 26 55 83 0 0 0 0 0 0 0 
60 46 58 0 76 0 72 0 54 86 46 10 5 0 99 64 0 0 0 0 44 0 0 0 62 
32 0 0 0 0 0 15 0 43 74 0 0 3 0 95 0 58 0 0 99 72 10 97 0 21 
59 0 15 96 0 3 0 0 55 92 0 32 0 63 57 38 85 0 44 72 0 0 0 0 0 
74 16 0 0 36 0 0 96 16 42 0 14 63 67 0 53 87 0 0 10 0 83 0 72 5 
95 0 42 0 0 0 0 22 0 100 17 0 0 29 0 0 0 0 0 97 0 0 0 0 0 
0 25 0 9 50 0 90 0 85 0 0 97 0 0 0 0 0 0 0 0 0 72 0 0 0 
27 40 81 40 100 92 93 0 23 0 0 17 76 42 0 0 78 0 62 21 0 5 0 0 0 
