25 1007
85 96 76 6 41 76 86 69 43 71 38 69 88 19 89 70 38 84 44 88 52 18 19 92 22 
0 0 0 49 0 63 63 77 100 0 38 55 64 21 0 78 0 89 53 0 0 30 0 87 0 
0 0 0 16 0 0 98 0 0 80 0 0 0 26 37 0 0 25 0 68 34 78 0 0 0 
0 0 22 0 0 0 57 17 29 0 0 93 43 2 0 0 0 50 0 89 9 97 0 9 36 
49 16 0 29 0 0 34 82 0 0 39 33 0 92 0 84 1 0 0 51 69 0 47 0 87 
0 0 0 0 70 0 77 12 49 3 66 71 0 0 0 0 0 0 93 54 9 30 0 65 72 
63 0 0 0 0 82 0 68 0 14 30 0 67 0 0 64 0 0 28 10 53 0 0 0 0 
63 98 57 34 77 0 63 64 100 10 74 0 0 0 70 76 0 88 0 0 7 0 48 0 0 
77 0 17 82 12 68 64 0 5 74 0 0 9 0 0 90 52 0 62 0 13 0 95 0 0 
100 0 29 0 49 0 100 5 0 88 10 0 0 1 68 0 15 0 0 10 52 0 70 0 0 
0 80 0 0 3 14 10 74 88 95 64 72 5 0 0 0 0 0 8 0 19 0 68 0 0 
38 0 0 39 66 30 74 0 10 64 0 0 20 0 90 40 51 0 33 32 31 100 28 0 0 
55 0 93 33 71 0 0 0 0 72 0 10 45 91 19 19 0 52 0 42 49 58 44 0 0 
64 0 43 0 0 67 0 9 0 5 20 45 86 72 64 0 0 25 27 0 0 0 48 0 89 
21 26 2 92 0 0 0 0 1 0 0 91 72 0 40 0 10 0 0 69 0 0 0 15 34 
0 37 0 0 0 0 70 0 68 0 90 19 64 40 0 0 0 0 0 0 58 0 0 77 0 
78 0 0 84 0 64 76 90 0 0 40 19 0 0 0 0 7 0 0 0 0 0 0 0 0 
0 0 0 1 0 0 0 52 15 0 51 0 0 10 0 7 74 31 57 0 0 61 0 0 0 
89 25 50 0 0 0 88 0 0 0 0 52 25 0 0 0 31 12 13 93 54 93 28 0 0 
53 0 0 0 93 28 0 62 0 8 33 0 27 0 0 0 57 13 55 50 100 94 7 51 27 
0 68 89 51 54 10 0 0 10 0 32 42 0 69 0 0 0 93 50 6 39 39 20 20 60 
0 34 9 69 9 53 7 13 52 19 31 49 0 0 58 0 0 54 100 39 45 4 71 0 0 
30 78 97 0 30 0 0 0 0 0 100 58 0 0 0 0 61 93 94 39 4 0 0 0 0 
0 0 0 47 0 0 48 95 70 68 28 44 48 0 0 0 0 28 7 20 71 0 0 0 0 
87 0 9 0 65 0 0 0 0 0 0 0 0 15 77 0 0 0 51 20 0 0 0 3 30 
0 0 36 87 72 0 0 0 0 0 0 0 89 34 0 0 0 0 27 60 0 0 0 30 40 
