Nodes: 18

0.0 36.0 24.0 56.0 16.0 36.0 52.0 23.0 63.0 66.0 58.0 61.0 29.0 46.0 52.0 55.0 17.0 59.0
36.0 0.0 24.0 64.0 28.0 55.0 18.0 53.0 40.0 31.0 71.0 44.0 14.0 55.0 15.0 52.0 48.0 52.0
24.0 24.0 0.0 73.0 29.0 30.0 32.0 47.0 63.0 55.0 77.0 37.0 28.0 63.0 38.0 35.0 41.0 37.0
56.0 64.0 73.0 0.0 45.0 93.0 81.0 42.0 48.0 72.0 9.0 107.0 50.0 10.0 72.0 108.0 44.0 111.0
16.0 28.0 29.0 45.0 0.0 50.0 46.0 25.0 46.0 53.0 48.0 64.0 15.0 34.0 42.0 63.0 20.0 66.0
36.0 55.0 30.0 93.0 50.0 0.0 60.0 56.0 92.0 86.0 94.0 48.0 57.0 83.0 68.0 31.0 51.0 37.0
52.0 18.0 32.0 81.0 46.0 60.0 0.0 71.0 49.0 30.0 88.0 33.0 32.0 73.0 13.0 48.0 65.0 46.0
23.0 53.0 47.0 42.0 25.0 56.0 71.0 0.0 66.0 78.0 40.0 84.0 41.0 33.0 68.0 78.0 6.0 82.0
63.0 40.0 63.0 48.0 46.0 92.0 49.0 66.0 0.0 27.0 57.0 82.0 35.0 45.0 36.0 93.0 64.0 92.0
66.0 31.0 55.0 72.0 53.0 86.0 30.0 78.0 27.0 0.0 81.0 62.0 38.0 67.0 18.0 78.0 73.0 76.0
58.0 71.0 77.0 9.0 48.0 94.0 88.0 40.0 57.0 81.0 0.0 112.0 56.0 15.0 80.0 112.0 44.0 115.0
61.0 44.0 37.0 107.0 64.0 48.0 33.0 84.0 82.0 62.0 112.0 0.0 57.0 97.0 46.0 21.0 78.0 16.0
29.0 14.0 28.0 50.0 15.0 57.0 32.0 41.0 35.0 38.0 56.0 57.0 0.0 41.0 27.0 62.0 36.0 63.0
46.0 55.0 63.0 10.0 34.0 83.0 73.0 33.0 45.0 67.0 15.0 97.0 41.0 0.0 65.0 98.0 35.0 101.0
52.0 15.0 38.0 72.0 42.0 68.0 13.0 68.0 36.0 18.0 80.0 46.0 27.0 65.0 0.0 60.0 62.0 58.0
55.0 52.0 35.0 108.0 63.0 31.0 48.0 78.0 93.0 78.0 112.0 21.0 62.0 98.0 60.0 0.0 72.0 6.0
17.0 48.0 41.0 44.0 20.0 51.0 65.0 6.0 64.0 73.0 44.0 78.0 36.0 35.0 62.0 72.0 0.0 76.0
59.0 52.0 37.0 111.0 66.0 37.0 46.0 82.0 92.0 76.0 115.0 16.0 63.0 101.0 58.0 6.0 76.0 0.0

1 -> 8
2 -> 9
3 -> 10
4 -> 11
5 -> 12
6 -> 13
7 -> 14
