Nodes: 7 Opti: 305

0.0 32.0 83.0 53.0 39.0 87.0 63.0
32.0 0.0 51.0 58.0 7.0 57.0 53.0
83.0 51.0 0.0 88.0 45.0 36.0 65.0
53.0 58.0 88.0 0.0 63.0 110.0 28.0
39.0 7.0 45.0 63.0 0.0 50.0 55.0
87.0 57.0 36.0 110.0 50.0 0.0 93.0
63.0 53.0 65.0 28.0 55.0 93.0 0.0

1 -> 3
2 -> 4
