30 16070.0

7

0.0 540.0 568.0 782.0 807.0 498.0 960.0 808.0 842.0 429.0 36.0 682.0 893.0 684.0 450.0 95.0 836.0 663.0 1067.0 157.0 340.0 774.0 492.0 759.0 485.0 792.0 220.0 161.0 460.0 1092.0 
540.0 0.0 794.0 466.0 319.0 315.0 724.0 1038.0 1027.0 706.0 562.0 340.0 660.0 184.0 94.0 580.0 1062.0 518.0 757.0 434.0 709.0 681.0 424.0 329.0 143.0 887.0 561.0 384.0 82.0 803.0 
568.0 794.0 0.0 659.0 870.0 508.0 669.0 254.0 274.0 139.0 538.0 651.0 626.0 979.0 752.0 478.0 281.0 448.0 821.0 483.0 249.0 421.0 397.0 771.0 656.0 254.0 351.0 623.0 729.0 817.0 
782.0 466.0 659.0 0.0 283.0 284.0 261.0 831.0 784.0 656.0 782.0 126.0 202.0 588.0 514.0 761.0 846.0 211.0 301.0 625.0 734.0 317.0 320.0 183.0 371.0 607.0 656.0 682.0 475.0 342.0 
807.0 319.0 870.0 283.0 0.0 378.0 524.0 1076.0 1039.0 828.0 820.0 222.0 476.0 359.0 405.0 821.0 1093.0 456.0 500.0 669.0 875.0 593.0 477.0 105.0 322.0 869.0 756.0 667.0 376.0 555.0 
498.0 315.0 508.0 284.0 378.0 0.0 489.0 738.0 719.0 451.0 499.0 192.0 420.0 492.0 312.0 482.0 760.0 221.0 575.0 342.0 498.0 379.0 114.0 295.0 172.0 572.0 390.0 404.0 276.0 607.0 
960.0 724.0 669.0 261.0 524.0 489.0 0.0 765.0 698.0 719.0 952.0 384.0 69.0 849.0 765.0 919.0 771.0 297.0 156.0 804.0 823.0 247.0 468.0 436.0 617.0 519.0 792.0 890.0 725.0 148.0 
808.0 1038.0 254.0 831.0 1076.0 738.0 765.0 0.0 84.0 383.0 775.0 853.0 742.0 1222.0 1002.0 714.0 28.0 625.0 921.0 736.0 470.0 535.0 624.0 972.0 897.0 246.0 598.0 876.0 977.0 901.0 
842.0 1027.0 274.0 784.0 1039.0 719.0 698.0 84.0 0.0 412.0 811.0 817.0 680.0 1209.0 998.0 751.0 77.0 584.0 852.0 756.0 513.0 478.0 605.0 934.0 884.0 181.0 626.0 896.0 970.0 830.0 
429.0 706.0 139.0 656.0 828.0 451.0 719.0 383.0 412.0 0.0 399.0 621.0 666.0 889.0 652.0 339.0 411.0 456.0 862.0 354.0 120.0 478.0 353.0 737.0 576.0 381.0 214.0 493.0 634.0 866.0 
36.0 562.0 538.0 782.0 820.0 499.0 952.0 775.0 811.0 399.0 0.0 687.0 886.0 710.0 473.0 61.0 804.0 655.0 1063.0 157.0 307.0 759.0 484.0 768.0 498.0 766.0 194.0 188.0 480.0 1087.0 
682.0 340.0 651.0 126.0 222.0 192.0 384.0 853.0 817.0 621.0 687.0 0.0 320.0 473.0 388.0 673.0 870.0 236.0 426.0 529.0 682.0 383.0 268.0 120.0 246.0 648.0 582.0 570.0 348.0 468.0 
893.0 660.0 626.0 202.0 476.0 420.0 69.0 742.0 680.0 666.0 886.0 320.0 0.0 789.0 698.0 853.0 750.0 231.0 196.0 737.0 767.0 210.0 401.0 383.0 549.0 499.0 728.0 821.0 658.0 204.0 
684.0 184.0 979.0 588.0 359.0 492.0 849.0 1222.0 1209.0 889.0 710.0 473.0 789.0 0.0 246.0 737.0 1245.0 680.0 852.0 599.0 887.0 842.0 604.0 418.0 325.0 1065.0 736.0 523.0 256.0 904.0 
450.0 94.0 752.0 514.0 405.0 312.0 765.0 1002.0 998.0 652.0 473.0 388.0 698.0 246.0 0.0 495.0 1027.0 529.0 813.0 354.0 643.0 690.0 409.0 400.0 149.0 869.0 490.0 291.0 39.0 856.0 
95.0 580.0 478.0 761.0 821.0 482.0 919.0 714.0 751.0 339.0 61.0 673.0 853.0 737.0 495.0 0.0 743.0 621.0 1035.0 152.0 245.0 717.0 454.0 761.0 502.0 709.0 140.0 225.0 498.0 1056.0 
836.0 1062.0 281.0 846.0 1093.0 760.0 771.0 28.0 77.0 411.0 804.0 870.0 750.0 1245.0 1027.0 743.0 0.0 641.0 926.0 764.0 499.0 545.0 646.0 989.0 920.0 252.0 626.0 904.0 1001.0 905.0 
663.0 518.0 448.0 211.0 456.0 221.0 297.0 625.0 584.0 456.0 655.0 236.0 231.0 680.0 529.0 621.0 641.0 0.0 419.0 508.0 546.0 162.0 172.0 350.0 383.0 413.0 497.0 602.0 492.0 435.0 
1067.0 757.0 821.0 301.0 500.0 575.0 156.0 921.0 852.0 862.0 1063.0 426.0 196.0 852.0 813.0 1035.0 926.0 419.0 0.0 909.0 961.0 401.0 580.0 436.0 672.0 675.0 915.0 979.0 774.0 57.0 
157.0 434.0 483.0 625.0 669.0 342.0 804.0 736.0 756.0 354.0 157.0 529.0 737.0 599.0 354.0 152.0 764.0 508.0 909.0 0.0 306.0 626.0 336.0 612.0 350.0 679.0 149.0 140.0 352.0 935.0 
340.0 709.0 249.0 734.0 875.0 498.0 823.0 470.0 513.0 120.0 307.0 682.0 767.0 887.0 643.0 245.0 499.0 546.0 961.0 306.0 0.0 588.0 417.0 792.0 593.0 499.0 156.0 436.0 631.0 970.0 
774.0 681.0 421.0 317.0 593.0 379.0 247.0 535.0 478.0 478.0 759.0 383.0 210.0 842.0 690.0 717.0 545.0 162.0 401.0 626.0 588.0 0.0 306.0 488.0 545.0 297.0 581.0 736.0 653.0 395.0 
492.0 424.0 397.0 320.0 477.0 114.0 468.0 624.0 605.0 353.0 484.0 268.0 401.0 604.0 409.0 454.0 646.0 172.0 580.0 336.0 417.0 306.0 0.0 384.0 280.0 463.0 338.0 432.0 376.0 602.0 
759.0 329.0 771.0 183.0 105.0 295.0 436.0 972.0 934.0 737.0 768.0 120.0 383.0 418.0 400.0 761.0 989.0 350.0 436.0 612.0 792.0 488.0 384.0 0.0 284.0 763.0 683.0 631.0 364.0 487.0 
485.0 143.0 656.0 371.0 322.0 172.0 617.0 897.0 884.0 576.0 498.0 246.0 549.0 325.0 149.0 502.0 920.0 383.0 672.0 350.0 593.0 545.0 280.0 284.0 0.0 743.0 455.0 347.0 110.0 713.0 
792.0 887.0 254.0 607.0 869.0 572.0 519.0 246.0 181.0 381.0 766.0 648.0 499.0 1065.0 869.0 709.0 252.0 413.0 675.0 679.0 499.0 297.0 463.0 763.0 743.0 0.0 572.0 814.0 838.0 655.0 
220.0 561.0 351.0 656.0 756.0 390.0 792.0 598.0 626.0 214.0 194.0 582.0 728.0 736.0 490.0 140.0 626.0 497.0 915.0 149.0 156.0 581.0 338.0 683.0 455.0 572.0 0.0 284.0 481.0 933.0 
161.0 384.0 623.0 682.0 667.0 404.0 890.0 876.0 896.0 493.0 188.0 570.0 821.0 523.0 291.0 225.0 904.0 602.0 979.0 140.0 436.0 736.0 432.0 631.0 347.0 814.0 284.0 0.0 305.0 1011.0 
460.0 82.0 729.0 475.0 376.0 276.0 725.0 977.0 970.0 634.0 480.0 348.0 658.0 256.0 39.0 498.0 1001.0 492.0 774.0 352.0 631.0 653.0 376.0 364.0 110.0 838.0 481.0 305.0 0.0 817.0 
1092.0 803.0 817.0 342.0 555.0 607.0 148.0 901.0 830.0 866.0 1087.0 468.0 204.0 904.0 856.0 1056.0 905.0 435.0 57.0 935.0 970.0 395.0 602.0 487.0 713.0 655.0 933.0 1011.0 817.0 0.0 

0.0  16155.0
15328.0  15418.0
8020.0  8033.0
12103.0  12206.0
8863.0  8941.0
2078.0  2165.0
10373.0  10394.0
5477.0  5511.0
816.0  926.0
7872.0  7903.0
4651.0  4744.0
2320.0  2366.0
6575.0  6609.0
3966.0  4034.0
14009.0  14037.0
15968.0  15994.0
12948.0  13044.0
2560.0  2575.0
6351.0  6482.0
9545.0  9600.0
3101.0  3162.0
14649.0  14754.0
8393.0  8460.0
10771.0  10820.0
11024.0  11109.0
7095.0  7129.0
7667.0  7716.0
1734.0  1761.0
3738.0  3784.0
11774.0  11874.0

2 -> 3
6 -> 15
7 -> 4
8 -> 5
11 -> 14
12 -> 19
13 -> 10
17 -> 23
18 -> 29
22 -> 16
24 -> 21
25 -> 26
28 -> 9
