10 4899.0

5

0.0 494.0 378.0 217.0 428.0 252.0 463.0 543.0 565.0 494.0 
494.0 0.0 129.0 463.0 785.0 265.0 891.0 448.0 347.0 187.0 
378.0 129.0 0.0 334.0 657.0 137.0 803.0 473.0 302.0 157.0 
217.0 463.0 334.0 0.0 323.0 206.0 665.0 679.0 397.0 382.0 
428.0 785.0 657.0 323.0 0.0 529.0 712.0 966.0 642.0 681.0 
252.0 265.0 137.0 206.0 529.0 0.0 700.0 509.0 338.0 243.0 
463.0 891.0 803.0 665.0 712.0 700.0 0.0 690.0 1028.0 942.0 
543.0 448.0 473.0 679.0 966.0 509.0 690.0 0.0 773.0 617.0 
565.0 347.0 302.0 397.0 642.0 338.0 1028.0 773.0 0.0 160.0 
494.0 187.0 157.0 382.0 681.0 243.0 942.0 617.0 160.0 0.0 

0.0  4973.0
2605.0  2688.0
369.0  381.0
3691.0  3803.0
1026.0  1040.0
1936.0  1970.0
4413.0  4466.0
3092.0  3096.0
2292.0  2324.0
1708.0  1729.0

2 -> 3
4 -> 7
8 -> 6
