15

5

0.0 127.0 293.0 29.0 423.0 534.0 92.0 556.0 354.0 316.0 89.0 537.0 710.0 473.0 507.0 
127.0 0.0 356.0 98.0 436.0 408.0 218.0 456.0 305.0 425.0 174.0 486.0 655.0 367.0 381.0 
293.0 356.0 0.0 302.0 710.0 712.0 256.0 562.0 289.0 491.0 370.0 410.0 566.0 719.0 632.0 
29.0 98.0 302.0 0.0 425.0 505.0 120.0 531.0 337.0 341.0 103.0 521.0 694.0 449.0 478.0 
423.0 436.0 710.0 425.0 0.0 627.0 457.0 854.0 740.0 361.0 340.0 922.0 1089.0 436.0 690.0 
534.0 408.0 712.0 505.0 627.0 0.0 626.0 371.0 491.0 796.0 556.0 585.0 693.0 208.0 134.0 
92.0 218.0 256.0 120.0 457.0 626.0 0.0 623.0 395.0 265.0 125.0 570.0 743.0 562.0 593.0 
556.0 456.0 562.0 531.0 854.0 371.0 623.0 0.0 272.0 872.0 627.0 251.0 323.0 539.0 237.0 
354.0 305.0 289.0 337.0 740.0 491.0 395.0 272.0 0.0 660.0 440.0 183.0 356.0 572.0 382.0 
316.0 425.0 491.0 341.0 361.0 796.0 265.0 872.0 660.0 0.0 251.0 836.0 1009.0 668.0 799.0 
89.0 174.0 370.0 103.0 340.0 556.0 125.0 627.0 440.0 251.0 0.0 624.0 797.0 460.0 549.0 
537.0 486.0 410.0 521.0 922.0 585.0 570.0 251.0 183.0 836.0 624.0 0.0 173.0 710.0 456.0 
710.0 655.0 566.0 694.0 1089.0 693.0 743.0 323.0 356.0 1009.0 797.0 173.0 0.0 845.0 558.0 
473.0 367.0 719.0 449.0 436.0 208.0 562.0 539.0 572.0 668.0 460.0 710.0 845.0 0.0 315.0 
507.0 381.0 632.0 478.0 690.0 134.0 593.0 237.0 382.0 799.0 549.0 456.0 558.0 315.0 0.0 

0.0  8529.385972301932
5153.757154388983  6211.148672925177
4995.304191908835  6095.148672925177
2297.303400368546  3161.8092857988004
0.0  2.147483647E9
6969.089120839554  7878.385972301932
4020.148672925178  5386.148672925177
2757.635947410244  4674.8092857988
0.0  2.147483647E9
0.0  2.147483647E9
0.0  2.147483647E9
0.0  2.147483647E9
883.8092857988005  1478.8092857988004
1358.679621448859  3254.8092857988004
0.0  2.147483647E9

1 -> 9
4 -> 5
6 -> 10
7 -> 14
8 -> 3
12 -> 11
