15

5

0.0 604.0 155.0 103.0 331.0 348.0 318.0 201.0 284.0 204.0 74.0 36.0 507.0 424.0 771.0 
604.0 0.0 450.0 678.0 914.0 692.0 778.0 577.0 882.0 400.0 539.0 569.0 641.0 359.0 1030.0 
155.0 450.0 0.0 244.0 482.0 358.0 385.0 195.0 439.0 53.0 104.0 119.0 455.0 296.0 822.0 
103.0 678.0 244.0 0.0 238.0 431.0 376.0 298.0 205.0 285.0 142.0 134.0 605.0 526.0 690.0 
331.0 914.0 482.0 238.0 0.0 578.0 477.0 491.0 76.0 523.0 381.0 366.0 780.0 753.0 658.0 
348.0 692.0 358.0 431.0 578.0 0.0 132.0 164.0 505.0 398.0 387.0 340.0 212.0 352.0 1118.0 
318.0 778.0 385.0 376.0 477.0 132.0 0.0 204.0 401.0 434.0 377.0 325.0 342.0 462.0 1064.0 
201.0 577.0 195.0 298.0 491.0 164.0 204.0 0.0 426.0 238.0 227.0 185.0 306.0 289.0 969.0 
284.0 882.0 439.0 205.0 76.0 505.0 401.0 426.0 0.0 485.0 343.0 320.0 709.0 697.0 721.0 
204.0 400.0 53.0 285.0 523.0 398.0 434.0 238.0 485.0 0.0 142.0 169.0 475.0 283.0 821.0 
74.0 539.0 104.0 142.0 381.0 387.0 377.0 227.0 343.0 142.0 0.0 53.0 522.0 396.0 747.0 
36.0 569.0 119.0 134.0 366.0 340.0 325.0 185.0 320.0 169.0 53.0 0.0 488.0 391.0 784.0 
507.0 641.0 455.0 605.0 780.0 212.0 342.0 306.0 709.0 475.0 522.0 488.0 0.0 283.0 1269.0 
424.0 359.0 296.0 526.0 753.0 352.0 462.0 289.0 697.0 283.0 396.0 391.0 283.0 0.0 1101.0 
771.0 1030.0 822.0 690.0 658.0 1118.0 1064.0 969.0 721.0 821.0 747.0 784.0 1269.0 1101.0 0.0 

0.0  8136.67258616565
198.30829336599743  1518.0
686.5653305661907  1531.0
876.3082933659974  2.147483647E9
0.0  6587.67258616565
1044.5653305661908  2.147483647E9
3732.4332212178856  4380.264521291412
0.0  5038.67258616565
0.0  7213.67258616565
5011.67258616565  5276.67258616565
5603.439293120919  6968.67258616565
1660.2886487048231  2612.288648704823
2186.2243545155434  3988.2243545155434
7209.849711380245  7910.67258616565
4796.433221217885  2.147483647E9

1 -> 3
2 -> 5
4 -> 10
6 -> 14
7 -> 9
8 -> 13
