10

5

0.0 152.0 230.0 894.0 556.0 299.0 68.0 317.0 357.0 351.0 
152.0 0.0 379.0 793.0 433.0 221.0 212.0 420.0 307.0 209.0 
230.0 379.0 0.0 1104.0 730.0 514.0 166.0 202.0 551.0 559.0 
894.0 793.0 1104.0 0.0 929.0 595.0 961.0 1206.0 555.0 784.0 
556.0 433.0 730.0 929.0 0.0 569.0 588.0 649.0 661.0 235.0 
299.0 221.0 514.0 595.0 569.0 0.0 366.0 613.0 94.0 337.0 
68.0 212.0 166.0 961.0 588.0 366.0 0.0 256.0 419.0 399.0 
317.0 420.0 202.0 1206.0 649.0 613.0 256.0 0.0 674.0 538.0 
357.0 307.0 551.0 555.0 661.0 94.0 419.0 674.0 0.0 431.0 
351.0 209.0 559.0 784.0 235.0 337.0 399.0 538.0 431.0 0.0 

0.0  6618.725830226441
465.47024326325527  1567.4702432632553
4381.818296718687  4628.818296718687
0.0  2.147483647E9
5966.725830226441  6075.725830226441
3483.8873246031912  4012.8873246031912
214.29665923659553  1754.4702432632553
2733.3541006202586  3553.4702432632553
0.0  2.147483647E9
0.0  2.147483647E9

1 -> 9
5 -> 8
6 -> 3
