30 14205.0

7

0.0 250.0 788.0 357.0 284.0 365.0 226.0 112.0 219.0 289.0 411.0 320.0 268.0 438.0 506.0 963.0 867.0 694.0 894.0 154.0 357.0 735.0 506.0 887.0 795.0 611.0 291.0 883.0 131.0 734.0 
250.0 0.0 604.0 155.0 103.0 331.0 348.0 318.0 201.0 284.0 204.0 74.0 36.0 507.0 424.0 771.0 649.0 443.0 645.0 247.0 342.0 584.0 319.0 644.0 547.0 510.0 285.0 633.0 178.0 492.0 
788.0 604.0 0.0 450.0 678.0 914.0 692.0 778.0 577.0 882.0 400.0 539.0 569.0 641.0 359.0 1030.0 178.0 482.0 453.0 846.0 509.0 990.0 757.0 371.0 585.0 1008.0 884.0 556.0 658.0 629.0 
357.0 155.0 450.0 0.0 244.0 482.0 358.0 385.0 195.0 439.0 53.0 104.0 119.0 455.0 296.0 822.0 510.0 389.0 558.0 396.0 269.0 676.0 407.0 538.0 511.0 633.0 440.0 574.0 240.0 481.0 
284.0 103.0 678.0 244.0 0.0 238.0 431.0 376.0 298.0 205.0 285.0 142.0 134.0 605.0 526.0 690.0 700.0 437.0 652.0 219.0 445.0 487.0 231.0 665.0 523.0 407.0 206.0 621.0 256.0 455.0 
365.0 331.0 914.0 482.0 238.0 0.0 578.0 477.0 491.0 76.0 523.0 381.0 366.0 780.0 753.0 658.0 923.0 607.0 827.0 214.0 648.0 401.0 267.0 858.0 656.0 252.0 73.0 768.0 418.0 570.0 
226.0 348.0 692.0 358.0 431.0 578.0 0.0 132.0 164.0 505.0 398.0 387.0 340.0 212.0 352.0 1118.0 811.0 747.0 913.0 377.0 188.0 916.0 662.0 884.0 865.0 813.0 507.0 933.0 175.0 825.0 
112.0 318.0 778.0 385.0 376.0 477.0 132.0 0.0 204.0 401.0 434.0 377.0 325.0 342.0 462.0 1064.0 878.0 754.0 941.0 265.0 300.0 842.0 604.0 924.0 863.0 722.0 403.0 944.0 148.0 811.0 
219.0 201.0 577.0 195.0 298.0 491.0 164.0 204.0 0.0 426.0 238.0 227.0 185.0 306.0 289.0 969.0 674.0 582.0 753.0 327.0 157.0 785.0 521.0 729.0 701.0 701.0 428.0 769.0 91.0 662.0 
289.0 284.0 882.0 439.0 205.0 76.0 505.0 401.0 426.0 0.0 485.0 343.0 320.0 709.0 697.0 721.0 905.0 614.0 834.0 138.0 584.0 469.0 301.0 857.0 677.0 327.0 2.0 785.0 349.0 595.0 
411.0 204.0 400.0 53.0 285.0 523.0 398.0 434.0 238.0 485.0 0.0 142.0 169.0 475.0 283.0 821.0 456.0 358.0 515.0 448.0 286.0 691.0 425.0 490.0 483.0 660.0 486.0 539.0 291.0 463.0 
320.0 74.0 539.0 104.0 142.0 381.0 387.0 377.0 227.0 343.0 142.0 0.0 53.0 522.0 396.0 747.0 576.0 377.0 573.0 320.0 344.0 582.0 313.0 569.0 486.0 531.0 344.0 567.0 231.0 439.0 
268.0 36.0 569.0 119.0 134.0 366.0 340.0 325.0 185.0 320.0 169.0 53.0 0.0 488.0 391.0 784.0 617.0 430.0 625.0 280.0 317.0 606.0 338.0 620.0 538.0 539.0 321.0 620.0 179.0 489.0 
438.0 507.0 641.0 455.0 605.0 780.0 212.0 342.0 306.0 709.0 475.0 522.0 488.0 0.0 283.0 1269.0 793.0 832.0 960.0 587.0 188.0 1091.0 826.0 912.0 958.0 1004.0 711.0 1005.0 363.0 936.0 
506.0 424.0 359.0 296.0 526.0 753.0 352.0 462.0 289.0 697.0 283.0 396.0 391.0 283.0 0.0 1101.0 510.0 602.0 696.0 613.0 164.0 971.0 703.0 640.0 730.0 927.0 699.0 757.0 380.0 728.0 
963.0 771.0 1030.0 822.0 690.0 658.0 1118.0 1064.0 969.0 721.0 821.0 747.0 784.0 1269.0 1101.0 0.0 920.0 547.0 650.0 843.0 1088.0 269.0 459.0 735.0 454.0 442.0 719.0 529.0 944.0 401.0 
867.0 649.0 178.0 510.0 700.0 923.0 811.0 878.0 674.0 905.0 456.0 576.0 617.0 793.0 510.0 920.0 0.0 391.0 296.0 896.0 640.0 923.0 723.0 208.0 466.0 972.0 906.0 411.0 743.0 530.0 
694.0 443.0 482.0 389.0 437.0 607.0 747.0 754.0 582.0 614.0 358.0 377.0 430.0 832.0 602.0 547.0 391.0 0.0 220.0 657.0 644.0 532.0 362.0 259.0 127.0 597.0 614.0 190.0 606.0 146.0 
894.0 645.0 453.0 558.0 652.0 827.0 913.0 941.0 753.0 834.0 515.0 573.0 625.0 960.0 696.0 650.0 296.0 220.0 0.0 871.0 780.0 709.0 577.0 90.0 213.0 800.0 834.0 122.0 793.0 301.0 
154.0 247.0 846.0 396.0 219.0 214.0 377.0 265.0 327.0 138.0 448.0 320.0 280.0 587.0 613.0 843.0 896.0 657.0 871.0 0.0 481.0 600.0 399.0 880.0 740.0 464.0 140.0 840.0 239.0 667.0 
357.0 342.0 509.0 269.0 445.0 648.0 188.0 300.0 157.0 584.0 286.0 344.0 317.0 188.0 164.0 1088.0 640.0 644.0 780.0 481.0 0.0 923.0 655.0 738.0 770.0 852.0 586.0 819.0 242.0 748.0 
735.0 584.0 990.0 676.0 487.0 401.0 916.0 842.0 785.0 469.0 691.0 582.0 606.0 1091.0 971.0 269.0 923.0 532.0 709.0 600.0 923.0 0.0 269.0 777.0 496.0 173.0 467.0 604.0 741.0 409.0 
506.0 319.0 757.0 407.0 231.0 267.0 662.0 604.0 521.0 301.0 425.0 313.0 338.0 826.0 703.0 459.0 723.0 362.0 577.0 399.0 655.0 269.0 0.0 621.0 392.0 251.0 300.0 506.0 487.0 304.0 
887.0 644.0 371.0 538.0 665.0 858.0 884.0 924.0 729.0 857.0 490.0 569.0 620.0 912.0 640.0 735.0 208.0 259.0 90.0 880.0 738.0 777.0 621.0 0.0 288.0 855.0 858.0 210.0 778.0 368.0 
795.0 547.0 585.0 511.0 523.0 656.0 865.0 863.0 701.0 677.0 483.0 486.0 538.0 958.0 730.0 454.0 466.0 127.0 213.0 740.0 770.0 496.0 392.0 288.0 0.0 595.0 676.0 115.0 717.0 92.0 
611.0 510.0 1008.0 633.0 407.0 252.0 813.0 722.0 701.0 327.0 660.0 531.0 539.0 1004.0 927.0 442.0 972.0 597.0 800.0 464.0 852.0 173.0 251.0 855.0 595.0 0.0 325.0 710.0 642.0 503.0 
291.0 285.0 884.0 440.0 206.0 73.0 507.0 403.0 428.0 2.0 486.0 344.0 321.0 711.0 699.0 719.0 906.0 614.0 834.0 140.0 586.0 467.0 300.0 858.0 676.0 325.0 0.0 785.0 351.0 594.0 
883.0 633.0 556.0 574.0 621.0 768.0 933.0 944.0 769.0 785.0 539.0 567.0 620.0 1005.0 757.0 529.0 411.0 190.0 122.0 840.0 819.0 604.0 506.0 210.0 115.0 710.0 785.0 0.0 796.0 207.0 
131.0 178.0 658.0 240.0 256.0 418.0 175.0 148.0 91.0 349.0 291.0 231.0 179.0 363.0 380.0 944.0 743.0 606.0 793.0 239.0 242.0 741.0 487.0 778.0 717.0 642.0 351.0 796.0 0.0 668.0 
734.0 492.0 629.0 481.0 455.0 570.0 825.0 811.0 662.0 595.0 463.0 439.0 489.0 936.0 728.0 401.0 530.0 146.0 301.0 667.0 748.0 409.0 304.0 368.0 92.0 503.0 594.0 207.0 668.0 0.0 

0.0  14299.0
12665.0  12699.0
5760.0  5832.0
334.0  359.0
7062.0  7077.0
3337.0  3380.0
11894.0  11924.0
11751.0  11814.0
11533.0  11592.0
4946.0  4956.0
390.0  450.0
8866.0  8950.0
4617.0  4649.0
4066.0  4170.0
12244.0  12349.0
10558.0  10668.0
862.0  885.0
9205.0  9288.0
1101.0  1211.0
6793.0  6880.0
7427.0  7519.0
9755.0  9843.0
8148.0  8225.0
1241.0  1277.0
2680.0  2712.0
2049.0  2172.0
6692.0  6729.0
13242.0  13406.0
8638.0  8691.0
10205.0  10212.0

3 -> 23
4 -> 8
7 -> 27
9 -> 14
12 -> 1
13 -> 6
16 -> 5
18 -> 2
20 -> 11
21 -> 29
22 -> 15
24 -> 26
25 -> 28
