20

5

0.0 718.0 172.0 364.0 277.0 689.0 227.0 96.0 133.0 398.0 799.0 182.0 580.0 216.0 355.0 653.0 589.0 372.0 549.0 526.0 
718.0 0.0 610.0 463.0 958.0 122.0 909.0 640.0 596.0 375.0 346.0 882.0 581.0 857.0 553.0 181.0 490.0 854.0 191.0 240.0 
172.0 610.0 0.0 374.0 448.0 608.0 398.0 181.0 173.0 366.0 761.0 351.0 409.0 246.0 406.0 513.0 609.0 521.0 468.0 462.0 
364.0 463.0 374.0 0.0 530.0 388.0 486.0 268.0 235.0 91.0 441.0 475.0 663.0 570.0 92.0 492.0 235.0 390.0 272.0 224.0 
277.0 958.0 448.0 530.0 0.0 907.0 51.0 325.0 367.0 598.0 965.0 97.0 850.0 357.0 472.0 917.0 702.0 271.0 774.0 739.0 
689.0 122.0 608.0 388.0 907.0 0.0 860.0 602.0 559.0 309.0 233.0 839.0 656.0 852.0 470.0 279.0 375.0 774.0 140.0 167.0 
227.0 909.0 398.0 486.0 51.0 860.0 0.0 273.0 316.0 551.0 924.0 53.0 802.0 324.0 433.0 866.0 667.0 263.0 726.0 692.0 
96.0 640.0 181.0 268.0 325.0 602.0 273.0 0.0 44.0 305.0 703.0 242.0 581.0 307.0 263.0 592.0 494.0 341.0 464.0 437.0 
133.0 596.0 173.0 235.0 367.0 559.0 316.0 44.0 0.0 264.0 665.0 286.0 558.0 335.0 243.0 550.0 466.0 364.0 420.0 394.0 
398.0 375.0 366.0 91.0 598.0 309.0 551.0 305.0 264.0 0.0 403.0 534.0 601.0 588.0 184.0 401.0 262.0 479.0 184.0 142.0 
799.0 346.0 761.0 441.0 965.0 233.0 924.0 703.0 665.0 403.0 0.0 917.0 880.0 991.0 492.0 513.0 291.0 773.0 320.0 304.0 
182.0 882.0 351.0 475.0 97.0 839.0 53.0 242.0 286.0 534.0 917.0 0.0 752.0 272.0 432.0 831.0 670.0 299.0 703.0 672.0 
580.0 581.0 409.0 663.0 850.0 656.0 802.0 581.0 558.0 601.0 880.0 752.0 0.0 552.0 734.0 404.0 859.0 921.0 566.0 600.0 
216.0 857.0 246.0 570.0 357.0 852.0 324.0 307.0 335.0 588.0 991.0 272.0 552.0 0.0 570.0 753.0 801.0 552.0 712.0 701.0 
355.0 553.0 406.0 92.0 472.0 470.0 433.0 263.0 243.0 184.0 492.0 432.0 734.0 570.0 0.0 584.0 239.0 303.0 362.0 312.0 
653.0 181.0 513.0 492.0 917.0 279.0 866.0 592.0 550.0 401.0 513.0 831.0 404.0 753.0 584.0 0.0 593.0 865.0 254.0 308.0 
589.0 490.0 609.0 235.0 702.0 375.0 667.0 494.0 466.0 262.0 291.0 670.0 859.0 801.0 239.0 593.0 0.0 487.0 339.0 286.0 
372.0 854.0 521.0 390.0 271.0 774.0 263.0 341.0 364.0 479.0 773.0 299.0 921.0 552.0 303.0 865.0 487.0 0.0 663.0 615.0 
549.0 191.0 468.0 272.0 774.0 140.0 726.0 464.0 420.0 184.0 320.0 703.0 566.0 712.0 362.0 254.0 339.0 663.0 0.0 55.0 
526.0 240.0 462.0 224.0 739.0 167.0 692.0 437.0 394.0 142.0 304.0 672.0 600.0 701.0 312.0 308.0 286.0 615.0 55.0 0.0 

0.0  10818.694003547354
8741.279174815254  9656.088993328307
10623.694003547354  11070.694003547354
0.0  2.147483647E9
2962.442491669699  3526.2656475566414
0.0  2.147483647E9
3258.2656475566414  3787.2656475566414
0.0  2.147483647E9
6536.250352511414  7677.250352511414
6806.656871547694  8758.656871547693
5433.002393169376  7064.9409119885
4303.784951269738  5900.784951269738
0.0  2.147483647E9
3718.745638416089  4750.745638416089
9275.68905306024  10393.088993328307
0.0  2.147483647E9
0.0  2.147483647E9
0.0  2.147483647E9
0.0  2.147483647E9
1097.895393053035  2313.895393053035

16 -> 1
17 -> 2
18 -> 10
19 -> 3
5 -> 8
7 -> 14
9 -> 12
15 -> 11
