30 14363.0

7

0.0 169.0 916.0 621.0 81.0 773.0 853.0 423.0 548.0 497.0 541.0 427.0 881.0 304.0 193.0 722.0 710.0 391.0 359.0 932.0 876.0 334.0 662.0 479.0 1133.0 870.0 746.0 328.0 949.0 276.0 
169.0 0.0 755.0 459.0 106.0 603.0 693.0 290.0 524.0 367.0 377.0 258.0 791.0 379.0 91.0 579.0 540.0 224.0 199.0 800.0 706.0 200.0 533.0 433.0 968.0 814.0 577.0 331.0 787.0 137.0 
916.0 755.0 0.0 295.0 861.0 248.0 65.0 514.0 765.0 705.0 515.0 522.0 565.0 946.0 727.0 657.0 323.0 533.0 633.0 307.0 239.0 713.0 724.0 692.0 232.0 740.0 352.0 800.0 35.0 642.0 
621.0 459.0 295.0 0.0 566.0 213.0 234.0 240.0 571.0 470.0 287.0 238.0 549.0 681.0 434.0 511.0 207.0 239.0 353.0 413.0 309.0 436.0 545.0 476.0 514.0 673.0 268.0 543.0 328.0 349.0 
81.0 106.0 861.0 566.0 0.0 705.0 800.0 389.0 572.0 416.0 464.0 358.0 875.0 364.0 165.0 640.0 639.0 329.0 281.0 900.0 807.0 253.0 581.0 491.0 1073.0 881.0 673.0 359.0 893.0 236.0 
773.0 603.0 248.0 213.0 705.0 0.0 226.0 444.0 783.0 470.0 287.0 346.0 712.0 879.0 604.0 409.0 80.0 384.0 441.0 507.0 104.0 510.0 476.0 690.0 391.0 860.0 104.0 748.0 262.0 523.0 
853.0 693.0 65.0 234.0 800.0 226.0 0.0 450.0 705.0 662.0 471.0 466.0 529.0 881.0 663.0 634.0 292.0 473.0 579.0 289.0 245.0 659.0 695.0 630.0 296.0 698.0 331.0 735.0 100.0 578.0 
423.0 290.0 514.0 240.0 389.0 444.0 450.0 0.0 372.0 489.0 370.0 226.0 517.0 440.0 230.0 623.0 414.0 166.0 301.0 511.0 545.0 373.0 621.0 268.0 743.0 577.0 470.0 303.0 549.0 153.0 
548.0 524.0 765.0 571.0 572.0 783.0 705.0 372.0 0.0 837.0 740.0 592.0 410.0 322.0 433.0 993.0 771.0 527.0 640.0 597.0 875.0 692.0 983.0 104.0 992.0 334.0 830.0 220.0 799.0 426.0 
497.0 367.0 705.0 470.0 416.0 470.0 662.0 489.0 837.0 0.0 191.0 269.0 984.0 747.0 438.0 229.0 390.0 322.0 197.0 883.0 545.0 168.0 166.0 734.0 858.0 1065.0 387.0 680.0 726.0 414.0 
541.0 377.0 515.0 287.0 464.0 287.0 471.0 370.0 740.0 191.0 0.0 152.0 823.0 726.0 414.0 253.0 208.0 218.0 182.0 699.0 373.0 233.0 263.0 636.0 679.0 924.0 221.0 626.0 537.0 356.0 
427.0 258.0 522.0 238.0 358.0 346.0 466.0 226.0 592.0 269.0 152.0 0.0 716.0 579.0 273.0 401.0 282.0 65.0 115.0 638.0 448.0 198.0 394.0 487.0 721.0 797.0 322.0 474.0 551.0 207.0 
881.0 791.0 565.0 549.0 875.0 712.0 529.0 517.0 410.0 984.0 823.0 716.0 0.0 722.0 710.0 1059.0 743.0 671.0 812.0 280.0 767.0 889.0 1086.0 421.0 747.0 187.0 800.0 592.0 591.0 656.0 
304.0 379.0 946.0 681.0 364.0 879.0 881.0 440.0 322.0 747.0 726.0 579.0 722.0 0.0 314.0 952.0 837.0 518.0 566.0 860.0 982.0 579.0 911.0 306.0 1178.0 655.0 888.0 149.0 982.0 372.0 
193.0 91.0 727.0 434.0 165.0 604.0 663.0 230.0 433.0 438.0 414.0 273.0 710.0 314.0 0.0 638.0 549.0 221.0 252.0 740.0 708.0 275.0 601.0 342.0 949.0 725.0 594.0 244.0 761.0 85.0 
722.0 579.0 657.0 511.0 640.0 409.0 634.0 623.0 993.0 229.0 253.0 401.0 1059.0 952.0 638.0 0.0 342.0 467.0 386.0 901.0 443.0 387.0 95.0 889.0 754.0 1172.0 305.0 866.0 668.0 594.0 
710.0 540.0 323.0 207.0 639.0 80.0 292.0 414.0 771.0 390.0 208.0 282.0 743.0 837.0 549.0 342.0 0.0 328.0 368.0 560.0 169.0 434.0 402.0 672.0 471.0 878.0 60.0 713.0 339.0 472.0 
391.0 224.0 533.0 239.0 329.0 384.0 473.0 166.0 527.0 322.0 218.0 65.0 671.0 518.0 221.0 467.0 328.0 0.0 141.0 616.0 488.0 221.0 457.0 423.0 744.0 742.0 373.0 409.0 564.0 147.0 
359.0 199.0 633.0 353.0 281.0 441.0 579.0 301.0 640.0 197.0 182.0 115.0 812.0 566.0 252.0 386.0 368.0 141.0 0.0 750.0 538.0 83.0 352.0 537.0 825.0 878.0 395.0 486.0 661.0 217.0 
932.0 800.0 307.0 413.0 900.0 507.0 289.0 511.0 597.0 883.0 699.0 638.0 280.0 860.0 740.0 901.0 560.0 616.0 750.0 0.0 535.0 834.0 949.0 560.0 467.0 466.0 608.0 713.0 326.0 664.0 
876.0 706.0 239.0 309.0 807.0 104.0 245.0 545.0 875.0 545.0 373.0 448.0 767.0 982.0 708.0 443.0 169.0 488.0 538.0 535.0 0.0 603.0 522.0 784.0 316.0 925.0 157.0 849.0 238.0 628.0 
334.0 200.0 713.0 436.0 253.0 510.0 659.0 373.0 692.0 168.0 233.0 198.0 889.0 579.0 275.0 387.0 434.0 221.0 83.0 834.0 603.0 0.0 334.0 592.0 899.0 946.0 454.0 520.0 739.0 266.0 
662.0 533.0 724.0 545.0 581.0 476.0 695.0 621.0 983.0 166.0 263.0 394.0 1086.0 911.0 601.0 95.0 402.0 457.0 352.0 949.0 522.0 334.0 0.0 879.0 837.0 1186.0 374.0 838.0 738.0 568.0 
479.0 433.0 692.0 476.0 491.0 690.0 630.0 268.0 104.0 734.0 636.0 487.0 421.0 306.0 342.0 889.0 672.0 423.0 537.0 560.0 784.0 592.0 879.0 0.0 922.0 391.0 731.0 170.0 727.0 326.0 
1133.0 968.0 232.0 514.0 1073.0 391.0 296.0 743.0 992.0 858.0 679.0 721.0 747.0 1178.0 949.0 754.0 471.0 744.0 825.0 467.0 316.0 899.0 837.0 922.0 0.0 931.0 472.0 1032.0 196.0 864.0 
870.0 814.0 740.0 673.0 881.0 860.0 698.0 577.0 334.0 1065.0 924.0 797.0 187.0 655.0 725.0 1172.0 878.0 742.0 878.0 466.0 925.0 946.0 1186.0 391.0 931.0 0.0 937.0 550.0 768.0 690.0 
746.0 577.0 352.0 268.0 673.0 104.0 331.0 470.0 830.0 387.0 221.0 322.0 800.0 888.0 594.0 305.0 60.0 373.0 395.0 608.0 157.0 454.0 374.0 731.0 472.0 937.0 0.0 766.0 364.0 519.0 
328.0 331.0 800.0 543.0 359.0 748.0 735.0 303.0 220.0 680.0 626.0 474.0 592.0 149.0 244.0 866.0 713.0 409.0 486.0 713.0 849.0 520.0 838.0 170.0 1032.0 550.0 766.0 0.0 835.0 272.0 
949.0 787.0 35.0 328.0 893.0 262.0 100.0 549.0 799.0 726.0 537.0 551.0 591.0 982.0 761.0 668.0 339.0 564.0 661.0 326.0 238.0 739.0 738.0 727.0 196.0 768.0 364.0 835.0 0.0 675.0 
276.0 137.0 642.0 349.0 236.0 523.0 578.0 153.0 426.0 414.0 356.0 207.0 656.0 372.0 85.0 594.0 472.0 147.0 217.0 664.0 628.0 266.0 568.0 326.0 864.0 690.0 519.0 272.0 675.0 0.0 

0.0  14407.0
12342.0  12364.0
3786.0  3950.0
1870.0  1966.0
46.0  113.0
13161.0  13216.0
8755.0  8811.0
7442.0  7480.0
9953.0  10007.0
12709.0  12732.0
8289.0  8359.0
1655.0  1686.0
904.0  1036.0
4777.0  4842.0
2675.0  2715.0
7999.0  8131.0
5942.0  6036.0
7066.0  7221.0
10624.0  10640.0
6493.0  6553.0
5731.0  5825.0
11325.0  11346.0
10943.0  11026.0
13847.0  13913.0
3620.0  3685.0
9640.0  9728.0
11725.0  11821.0
2453.0  2486.0
8857.0  8944.0
7277.0  7300.0

1 -> 23
3 -> 6
7 -> 15
10 -> 21
12 -> 17
13 -> 16
14 -> 25
20 -> 26
22 -> 5
24 -> 18
27 -> 19
28 -> 9
29 -> 8
