20

5

0.0 568.0 699.0 234.0 27.0 609.0 147.0 940.0 431.0 694.0 19.0 805.0 48.0 1079.0 1179.0 246.0 832.0 438.0 1146.0 476.0 
568.0 0.0 177.0 601.0 586.0 184.0 420.0 455.0 505.0 294.0 565.0 253.0 540.0 558.0 666.0 375.0 277.0 177.0 673.0 108.0 
699.0 177.0 0.0 680.0 712.0 117.0 556.0 277.0 520.0 424.0 699.0 262.0 663.0 389.0 495.0 472.0 143.0 261.0 496.0 227.0 
234.0 601.0 680.0 0.0 215.0 569.0 274.0 870.0 249.0 808.0 253.0 854.0 195.0 1023.0 1113.0 228.0 823.0 431.0 1057.0 494.0 
27.0 586.0 712.0 215.0 0.0 620.0 167.0 949.0 424.0 719.0 45.0 825.0 50.0 1091.0 1190.0 253.0 847.0 451.0 1154.0 492.0 
609.0 184.0 117.0 569.0 620.0 0.0 472.0 333.0 403.0 474.0 612.0 360.0 570.0 470.0 570.0 372.0 258.0 173.0 547.0 169.0 
147.0 420.0 556.0 274.0 167.0 472.0 0.0 806.0 382.0 560.0 144.0 658.0 126.0 941.0 1043.0 145.0 687.0 300.0 1017.0 331.0 
940.0 455.0 277.0 870.0 949.0 333.0 806.0 0.0 656.0 668.0 944.0 444.0 899.0 158.0 242.0 697.0 237.0 506.0 218.0 493.0 
431.0 505.0 520.0 249.0 424.0 403.0 382.0 656.0 0.0 774.0 447.0 745.0 383.0 814.0 894.0 246.0 660.0 332.0 826.0 404.0 
694.0 294.0 424.0 808.0 719.0 474.0 560.0 668.0 774.0 0.0 683.0 248.0 685.0 718.0 823.0 586.0 435.0 444.0 869.0 375.0 
19.0 565.0 699.0 253.0 45.0 612.0 144.0 944.0 447.0 683.0 0.0 800.0 64.0 1082.0 1183.0 254.0 832.0 441.0 1152.0 475.0 
805.0 253.0 262.0 854.0 825.0 360.0 658.0 444.0 745.0 248.0 800.0 0.0 783.0 474.0 577.0 627.0 207.0 427.0 631.0 361.0 
48.0 540.0 663.0 195.0 50.0 570.0 126.0 899.0 383.0 685.0 64.0 783.0 0.0 1041.0 1139.0 203.0 799.0 402.0 1104.0 444.0 
1079.0 558.0 389.0 1023.0 1091.0 470.0 941.0 158.0 814.0 718.0 1082.0 474.0 1041.0 0.0 108.0 841.0 293.0 641.0 172.0 616.0 
1179.0 666.0 495.0 1113.0 1190.0 570.0 1043.0 242.0 894.0 823.0 1183.0 577.0 1139.0 108.0 0.0 938.0 401.0 742.0 126.0 721.0 
246.0 375.0 472.0 228.0 253.0 372.0 145.0 697.0 246.0 586.0 254.0 627.0 203.0 841.0 938.0 0.0 613.0 213.0 901.0 269.0 
832.0 277.0 143.0 823.0 847.0 258.0 687.0 237.0 660.0 435.0 832.0 207.0 799.0 293.0 401.0 613.0 0.0 400.0 435.0 356.0 
438.0 177.0 261.0 431.0 451.0 173.0 300.0 506.0 332.0 444.0 441.0 427.0 402.0 641.0 742.0 213.0 400.0 0.0 720.0 71.0 
1146.0 673.0 496.0 1057.0 1154.0 547.0 1017.0 218.0 826.0 869.0 1152.0 631.0 1104.0 172.0 126.0 901.0 435.0 720.0 0.0 711.0 
476.0 108.0 227.0 494.0 492.0 169.0 331.0 493.0 404.0 375.0 475.0 361.0 444.0 616.0 721.0 269.0 356.0 71.0 711.0 0.0 

0.0  14092.819567281396
4086.341096928441  5309.705629108908
663.0  2.147483647E9
11425.934419218207  13306.934419218207
12434.158121385535  13846.819567281396
7988.982831881994  9910.982831881993
1866.8561149776444  2031.8561149776444
676.8710374315433  1500.0
5259.791530144847  2.147483647E9
4380.341096928441  2.147483647E9
6579.937964779709  6887.479935253051
0.0  13021.819567281396
0.0  346.0
4445.791530144847  6228.705629108908
9658.90655311004  10775.732372802202
7645.812155694124  2.147483647E9
0.0  10374.732372802202
11856.934419218207  2.147483647E9
2883.856114977644  2.147483647E9
7376.812155694124  8192.812155694124

16 -> 14
1 -> 9
19 -> 15
3 -> 17
6 -> 18
11 -> 4
12 -> 2
13 -> 8
