10

5

0.0 312.0 281.0 606.0 799.0 286.0 406.0 408.0 49.0 444.0 
312.0 0.0 449.0 863.0 807.0 57.0 674.0 588.0 333.0 516.0 
281.0 449.0 0.0 428.0 537.0 395.0 267.0 141.0 325.0 184.0 
606.0 863.0 428.0 0.0 694.0 814.0 201.0 316.0 626.0 493.0 
799.0 807.0 537.0 694.0 0.0 753.0 684.0 481.0 847.0 356.0 
286.0 57.0 395.0 814.0 753.0 0.0 628.0 534.0 314.0 459.0 
406.0 674.0 267.0 201.0 684.0 628.0 0.0 213.0 425.0 394.0 
408.0 588.0 141.0 316.0 481.0 534.0 213.0 0.0 447.0 185.0 
49.0 333.0 325.0 626.0 847.0 314.0 425.0 447.0 0.0 492.0 
444.0 516.0 184.0 493.0 356.0 459.0 394.0 185.0 492.0 0.0 

0.0  6769.883040176322
4144.881295959942  2.147483647E9
2957.632843682882  3362.959009503118
3385.632843682882  2.147483647E9
2171.671181900633  2562.686641366075
4087.881295959942  5846.881295959942
2961.959009503118  3319.959009503118
0.0  5979.883040176322
1348.686641366075  1778.686641366075
5850.883040176322  6164.883040176322

2 -> 3
5 -> 1
7 -> 9
