15

5

0.0 718.0 669.0 205.0 446.0 635.0 567.0 689.0 710.0 857.0 1050.0 681.0 319.0 796.0 477.0 
718.0 0.0 159.0 750.0 674.0 761.0 215.0 111.0 18.0 645.0 611.0 988.0 539.0 197.0 376.0 
669.0 159.0 0.0 660.0 539.0 608.0 300.0 49.0 172.0 489.0 495.0 843.0 565.0 356.0 442.0 
205.0 750.0 660.0 0.0 274.0 453.0 651.0 692.0 747.0 723.0 953.0 476.0 487.0 872.0 606.0 
446.0 674.0 539.0 274.0 0.0 190.0 657.0 584.0 677.0 457.0 710.0 327.0 633.0 840.0 679.0 
635.0 761.0 608.0 453.0 190.0 0.0 790.0 657.0 769.0 346.0 630.0 252.0 814.0 946.0 838.0 
567.0 215.0 300.0 651.0 657.0 790.0 0.0 273.0 198.0 767.0 795.0 984.0 335.0 229.0 161.0 
689.0 111.0 49.0 692.0 584.0 657.0 273.0 0.0 124.0 535.0 522.0 891.0 560.0 308.0 424.0 
710.0 18.0 172.0 747.0 677.0 769.0 198.0 124.0 0.0 660.0 630.0 994.0 525.0 183.0 359.0 
857.0 645.0 489.0 723.0 457.0 346.0 767.0 535.0 660.0 0.0 288.0 581.0 924.0 842.0 874.0 
1050.0 611.0 495.0 953.0 710.0 630.0 795.0 522.0 630.0 288.0 0.0 869.0 1038.0 787.0 936.0 
681.0 988.0 843.0 476.0 327.0 252.0 984.0 891.0 994.0 581.0 869.0 0.0 932.0 1163.0 1000.0 
319.0 539.0 565.0 487.0 633.0 814.0 335.0 560.0 525.0 924.0 1038.0 932.0 0.0 547.0 192.0 
796.0 197.0 356.0 872.0 840.0 946.0 229.0 308.0 183.0 842.0 787.0 1163.0 547.0 0.0 356.0 
477.0 376.0 442.0 606.0 679.0 838.0 161.0 424.0 359.0 874.0 936.0 1000.0 192.0 356.0 0.0 

0.0  8979.080434161408
2249.9601952208213  4487.0
794.3384952827615  2262.0
0.0  2.147483647E9
0.0  2.147483647E9
0.0  2.147483647E9
2426.1251629097637  3853.0
0.0  2.147483647E9
0.0  2.147483647E9
1673.4930540323103  2824.0
5482.970504478138  6862.287323539989
0.0  2.147483647E9
2720.785915185016  4994.0
680.2037108053098  2213.0
4892.287323539989  5660.287323539989

1 -> 5
2 -> 3
8 -> 6
10 -> 4
12 -> 7
14 -> 11
