15

5

0.0 772.0 380.0 289.0 74.0 465.0 269.0 347.0 260.0 402.0 686.0 804.0 684.0 681.0 513.0 
772.0 0.0 672.0 1060.0 702.0 1204.0 846.0 463.0 1017.0 797.0 590.0 770.0 882.0 148.0 295.0 
380.0 672.0 0.0 553.0 326.0 609.0 226.0 473.0 609.0 733.0 327.0 424.0 328.0 533.0 380.0 
289.0 1060.0 553.0 0.0 357.0 213.0 340.0 634.0 155.0 571.0 881.0 954.0 774.0 961.0 790.0 
74.0 702.0 326.0 357.0 0.0 518.0 262.0 295.0 335.0 419.0 620.0 747.0 643.0 608.0 439.0 
465.0 1204.0 609.0 213.0 518.0 0.0 385.0 812.0 365.0 784.0 922.0 955.0 742.0 1089.0 918.0 
269.0 846.0 226.0 340.0 262.0 385.0 0.0 527.0 426.0 671.0 548.0 614.0 446.0 720.0 552.0 
347.0 463.0 473.0 634.0 295.0 812.0 527.0 0.0 565.0 367.0 641.0 812.0 793.0 416.0 293.0 
260.0 1017.0 609.0 155.0 335.0 365.0 426.0 565.0 0.0 431.0 930.0 1029.0 873.0 936.0 771.0 
402.0 797.0 733.0 571.0 419.0 784.0 671.0 367.0 431.0 0.0 977.0 1132.0 1058.0 778.0 660.0 
686.0 590.0 327.0 881.0 620.0 922.0 548.0 641.0 930.0 977.0 0.0 186.0 319.0 446.0 391.0 
804.0 770.0 424.0 954.0 747.0 955.0 614.0 812.0 1029.0 1132.0 186.0 0.0 237.0 628.0 576.0 
684.0 882.0 328.0 774.0 643.0 742.0 446.0 793.0 873.0 1058.0 319.0 237.0 0.0 734.0 629.0 
681.0 148.0 533.0 961.0 608.0 1089.0 720.0 416.0 936.0 778.0 446.0 628.0 734.0 0.0 172.0 
513.0 295.0 380.0 790.0 439.0 918.0 552.0 293.0 771.0 660.0 391.0 576.0 629.0 172.0 0.0 

0.0  9911.975453371322
3018.6477013290137  2.147483647E9
3364.4915404933377  4307.647701329013
5134.429422692677  5825.8320654046165
1496.2564739953  2.147483647E9
0.0  10398.975453371322
2172.6477013290137  2843.6477013290137
9556.975453371322  11210.975453371322
0.0  2252.0
8222.273856071399  2.147483647E9
7245.273856071398  9300.038815351538
870.7592332992363  2203.0
853.2564739952999  3080.0
1498.7592332992363  2.147483647E9
0.0  5035.8320654046165

5 -> 7
6 -> 1
10 -> 9
11 -> 13
12 -> 4
14 -> 3
