20

5

0.0 222.0 598.0 281.0 208.0 592.0 490.0 877.0 726.0 471.0 308.0 685.0 785.0 272.0 465.0 308.0 408.0 753.0 401.0 456.0 
222.0 0.0 392.0 342.0 228.0 512.0 294.0 654.0 576.0 310.0 298.0 471.0 588.0 248.0 406.0 492.0 378.0 615.0 315.0 359.0 
598.0 392.0 0.0 713.0 603.0 736.0 377.0 338.0 293.0 473.0 456.0 348.0 518.0 598.0 681.0 790.0 449.0 351.0 346.0 604.0 
281.0 342.0 713.0 0.0 114.0 360.0 442.0 907.0 918.0 368.0 570.0 654.0 694.0 121.0 236.0 554.0 668.0 957.0 634.0 272.0 
208.0 228.0 603.0 114.0 0.0 385.0 364.0 815.0 804.0 311.0 469.0 577.0 640.0 66.0 258.0 509.0 564.0 843.0 524.0 258.0 
592.0 512.0 736.0 360.0 385.0 0.0 360.0 786.0 1009.0 262.0 808.0 504.0 454.0 320.0 128.0 894.0 891.0 1061.0 821.0 153.0 
490.0 294.0 377.0 442.0 364.0 360.0 0.0 471.0 659.0 101.0 567.0 213.0 296.0 322.0 324.0 782.0 624.0 713.0 533.0 242.0 
877.0 654.0 338.0 907.0 815.0 786.0 471.0 0.0 545.0 565.0 790.0 281.0 384.0 785.0 786.0 1110.0 788.0 600.0 685.0 705.0 
726.0 576.0 293.0 918.0 804.0 1009.0 659.0 545.0 0.0 748.0 467.0 638.0 806.0 819.0 938.0 811.0 399.0 58.0 340.0 868.0 
471.0 310.0 473.0 368.0 311.0 262.0 101.0 565.0 748.0 0.0 603.0 293.0 330.0 256.0 224.0 776.0 672.0 801.0 590.0 142.0 
308.0 298.0 456.0 570.0 469.0 808.0 567.0 790.0 467.0 603.0 0.0 696.0 842.0 515.0 695.0 349.0 99.0 480.0 129.0 656.0 
685.0 471.0 348.0 654.0 577.0 504.0 213.0 281.0 638.0 293.0 696.0 0.0 169.0 535.0 509.0 961.0 729.0 696.0 627.0 429.0 
785.0 588.0 518.0 694.0 640.0 454.0 296.0 384.0 806.0 330.0 842.0 169.0 0.0 586.0 501.0 1078.0 884.0 865.0 784.0 432.0 
272.0 248.0 598.0 121.0 66.0 320.0 322.0 785.0 819.0 256.0 515.0 535.0 586.0 0.0 193.0 575.0 607.0 861.0 558.0 191.0 
465.0 406.0 681.0 236.0 258.0 128.0 324.0 786.0 938.0 224.0 695.0 509.0 501.0 193.0 0.0 766.0 782.0 986.0 720.0 81.0 
308.0 492.0 790.0 554.0 509.0 894.0 782.0 1110.0 811.0 776.0 349.0 961.0 1078.0 575.0 766.0 0.0 413.0 816.0 478.0 763.0 
408.0 378.0 449.0 668.0 564.0 891.0 624.0 788.0 399.0 672.0 99.0 729.0 884.0 607.0 782.0 413.0 0.0 402.0 104.0 737.0 
753.0 615.0 351.0 957.0 843.0 1061.0 713.0 600.0 58.0 801.0 480.0 696.0 865.0 861.0 986.0 816.0 402.0 0.0 358.0 918.0 
401.0 315.0 346.0 634.0 524.0 821.0 533.0 685.0 340.0 590.0 129.0 627.0 784.0 558.0 720.0 478.0 104.0 358.0 0.0 668.0 
456.0 359.0 604.0 272.0 258.0 153.0 242.0 705.0 868.0 142.0 656.0 429.0 432.0 191.0 81.0 763.0 737.0 918.0 668.0 0.0 

0.0  12913.6334757657
6306.332834627871  7506.763369249354
4051.710946703824  5197.2919309081535
7840.434243195028  8176.434243195028
2369.5179475285495  3672.5179475285495
0.0  10902.603081347865
11347.021343022378  12925.021343022378
0.0  12469.6334757657
3173.5179475285495  2.147483647E9
537.8963533999884  1840.8963533999884
6604.332834627871  2.147483647E9
2943.143406020737  3651.5179475285495
4622.401729417536  5572.2919309081535
0.0  8055.434243195028
10866.603081347865  11030.603081347865
12531.6334757657  13579.6334757657
0.0  4748.2919309081535
3639.143406020737  2.147483647E9
9176.3405909767  10679.326147398982
0.0  12683.021343022378

16 -> 2
1 -> 10
19 -> 6
4 -> 8
5 -> 14
7 -> 15
11 -> 17
13 -> 3
