20

5

0.0 97.0 1002.0 131.0 951.0 530.0 564.0 716.0 420.0 360.0 121.0 406.0 722.0 727.0 679.0 548.0 993.0 911.0 842.0 884.0 
97.0 0.0 982.0 221.0 961.0 482.0 562.0 699.0 491.0 435.0 217.0 476.0 653.0 717.0 726.0 481.0 968.0 976.0 811.0 956.0 
1002.0 982.0 0.0 976.0 294.0 533.0 449.0 285.0 844.0 878.0 1006.0 842.0 568.0 281.0 636.0 619.0 62.0 871.0 202.0 940.0 
131.0 221.0 976.0 0.0 889.0 556.0 527.0 693.0 299.0 236.0 31.0 286.0 775.0 695.0 579.0 602.0 975.0 790.0 836.0 758.0 
951.0 961.0 294.0 889.0 0.0 615.0 405.0 335.0 679.0 729.0 920.0 682.0 748.0 289.0 407.0 732.0 350.0 590.0 400.0 665.0 
530.0 482.0 533.0 556.0 615.0 0.0 262.0 284.0 591.0 584.0 579.0 580.0 245.0 326.0 605.0 126.0 506.0 916.0 342.0 940.0 
564.0 562.0 449.0 527.0 405.0 262.0 0.0 172.0 424.0 445.0 558.0 419.0 480.0 168.0 350.0 388.0 453.0 660.0 335.0 693.0 
716.0 699.0 285.0 693.0 335.0 284.0 172.0 0.0 593.0 617.0 722.0 588.0 423.0 51.0 460.0 397.0 283.0 753.0 168.0 801.0 
420.0 491.0 844.0 299.0 679.0 591.0 424.0 593.0 0.0 65.0 324.0 14.0 836.0 573.0 305.0 686.0 862.0 491.0 759.0 464.0 
360.0 435.0 878.0 236.0 729.0 584.0 445.0 617.0 65.0 0.0 260.0 54.0 828.0 602.0 367.0 671.0 892.0 554.0 780.0 524.0 
121.0 217.0 1006.0 31.0 920.0 579.0 558.0 722.0 324.0 260.0 0.0 311.0 794.0 725.0 608.0 621.0 1005.0 813.0 864.0 780.0 
406.0 476.0 842.0 286.0 682.0 580.0 419.0 588.0 14.0 54.0 311.0 0.0 825.0 569.0 313.0 674.0 859.0 505.0 753.0 479.0 
722.0 653.0 568.0 775.0 748.0 245.0 480.0 423.0 836.0 828.0 794.0 825.0 0.0 474.0 831.0 174.0 518.0 1140.0 371.0 1172.0 
727.0 717.0 281.0 695.0 289.0 326.0 168.0 51.0 573.0 602.0 725.0 569.0 474.0 0.0 419.0 443.0 290.0 707.0 201.0 757.0 
679.0 726.0 636.0 579.0 407.0 605.0 350.0 460.0 305.0 367.0 608.0 313.0 831.0 419.0 0.0 728.0 671.0 310.0 620.0 344.0 
548.0 481.0 619.0 602.0 732.0 126.0 388.0 397.0 686.0 671.0 621.0 674.0 174.0 443.0 728.0 0.0 582.0 1038.0 418.0 1060.0 
993.0 968.0 62.0 975.0 350.0 506.0 453.0 283.0 862.0 892.0 1005.0 859.0 518.0 290.0 671.0 582.0 0.0 919.0 165.0 984.0 
911.0 976.0 871.0 790.0 590.0 916.0 660.0 753.0 491.0 554.0 813.0 505.0 1140.0 707.0 310.0 1038.0 919.0 0.0 901.0 89.0 
842.0 811.0 202.0 836.0 400.0 342.0 335.0 168.0 759.0 780.0 864.0 753.0 371.0 201.0 620.0 418.0 165.0 901.0 0.0 955.0 
884.0 956.0 940.0 758.0 665.0 940.0 693.0 801.0 464.0 524.0 780.0 479.0 1172.0 757.0 344.0 1060.0 984.0 89.0 955.0 0.0 

0.0  14014.477296968034
0.0  2.147483647E9
11516.71789576547  12962.71789576547
5445.473820948141  7000.473820948141
8748.43223888735  10722.960125096317
0.0  2.147483647E9
2631.7193458414877  4973.676361520886
3686.7498862104503  5569.74988621045
0.0  2.147483647E9
10416.69237140632  10919.890029084616
13865.477296968034  14386.477296968034
0.0  2.147483647E9
2081.0578527332405  3006.0578527332405
9871.890029084616  11255.890029084616
0.0  2.147483647E9
0.0  2.147483647E9
0.0  2.147483647E9
0.0  2.147483647E9
2461.9940986946795  3477.676361520885
12849.142593206328  14534.142593206328

16 -> 2
17 -> 4
5 -> 10
6 -> 15
8 -> 19
12 -> 1
13 -> 11
14 -> 9
