10 4591.0

5

0.0 519.0 911.0 706.0 688.0 941.0 489.0 638.0 788.0 239.0 
519.0 0.0 595.0 634.0 246.0 666.0 301.0 300.0 289.0 540.0 
911.0 595.0 0.0 368.0 362.0 88.0 423.0 305.0 437.0 757.0 
706.0 634.0 368.0 0.0 508.0 335.0 337.0 380.0 643.0 492.0 
688.0 246.0 362.0 508.0 0.0 441.0 265.0 130.0 142.0 624.0 
941.0 666.0 88.0 335.0 441.0 0.0 463.0 368.0 524.0 770.0 
489.0 301.0 423.0 337.0 265.0 463.0 0.0 163.0 404.0 371.0 
638.0 300.0 305.0 380.0 130.0 368.0 163.0 0.0 271.0 535.0 
788.0 289.0 437.0 643.0 142.0 524.0 404.0 271.0 0.0 752.0 
239.0 540.0 757.0 492.0 624.0 770.0 371.0 535.0 752.0 0.0 

0.0  4640.0
3122.0  3137.0
2530.0  2556.0
3876.0  3895.0
3325.0  3456.0
2415.0  2453.0
750.0  879.0
633.0  703.0
1922.0  1943.0
1124.0  1215.0

2 -> 3
5 -> 1
9 -> 4
