15

5

0.0 603.0 522.0 784.0 316.0 925.0 157.0 849.0 238.0 628.0 57.0 491.0 801.0 722.0 480.0 
603.0 0.0 334.0 592.0 899.0 946.0 454.0 520.0 739.0 266.0 562.0 267.0 564.0 130.0 494.0 
522.0 334.0 0.0 879.0 837.0 1186.0 374.0 838.0 738.0 568.0 465.0 75.0 862.0 365.0 686.0 
784.0 592.0 879.0 0.0 922.0 391.0 731.0 170.0 727.0 326.0 787.0 804.0 54.0 675.0 308.0 
316.0 899.0 837.0 922.0 0.0 931.0 472.0 1032.0 196.0 864.0 372.0 808.0 955.0 1023.0 625.0 
925.0 946.0 1186.0 391.0 931.0 0.0 937.0 550.0 768.0 690.0 952.0 1113.0 441.0 1046.0 503.0 
157.0 454.0 374.0 731.0 472.0 937.0 0.0 766.0 364.0 519.0 109.0 337.0 737.0 568.0 448.0 
849.0 520.0 838.0 170.0 1032.0 550.0 766.0 0.0 835.0 272.0 841.0 765.0 116.0 575.0 407.0 
238.0 739.0 738.0 727.0 196.0 768.0 364.0 835.0 0.0 675.0 293.0 695.0 758.0 868.0 428.0 
628.0 266.0 568.0 326.0 864.0 690.0 519.0 272.0 675.0 0.0 608.0 494.0 298.0 356.0 303.0 
57.0 562.0 465.0 787.0 372.0 952.0 109.0 841.0 293.0 608.0 0.0 436.0 800.0 677.0 489.0 
491.0 267.0 75.0 804.0 808.0 1113.0 337.0 765.0 695.0 494.0 436.0 0.0 787.0 317.0 615.0 
801.0 564.0 862.0 54.0 955.0 441.0 737.0 116.0 758.0 298.0 800.0 787.0 0.0 639.0 332.0 
722.0 130.0 365.0 675.0 1023.0 1046.0 568.0 575.0 868.0 356.0 677.0 317.0 639.0 0.0 615.0 
480.0 494.0 686.0 308.0 625.0 503.0 448.0 407.0 428.0 303.0 489.0 615.0 332.0 615.0 0.0 

0.0  10153.041336105696
5568.99631461256  6582.504751981714
0.0  10258.041336105696
0.0  8260.792271076669
0.0  1656.0
4367.504751981714  6307.504751981714
5304.504751981714  2.147483647E9
0.0  4490.504751981714
0.0  5843.504751981714
8966.027111535519  9673.027111535519
5085.33510557523  5331.504751981714
8201.471316947354  9798.471316947354
0.0  9375.027111535519
7686.79227107667  8935.792271076669
9597.041336105696  10944.041336105696

2 -> 14
3 -> 13
5 -> 6
7 -> 10
8 -> 1
12 -> 9
