15

5

0.0 331.0 763.0 763.0 277.0 381.0 300.0 655.0 665.0 264.0 864.0 197.0 593.0 242.0 738.0 
331.0 0.0 536.0 543.0 433.0 132.0 379.0 517.0 499.0 413.0 565.0 382.0 421.0 89.0 429.0 
763.0 536.0 0.0 929.0 957.0 638.0 913.0 207.0 156.0 937.0 253.0 893.0 187.0 587.0 272.0 
763.0 543.0 929.0 0.0 633.0 419.0 547.0 1000.0 965.0 622.0 800.0 656.0 898.0 593.0 684.0 
277.0 433.0 957.0 633.0 0.0 390.0 87.0 890.0 888.0 20.0 996.0 79.0 811.0 370.0 859.0 
381.0 132.0 638.0 419.0 390.0 0.0 317.0 642.0 619.0 371.0 622.0 362.0 543.0 175.0 483.0 
300.0 379.0 913.0 547.0 87.0 317.0 0.0 863.0 856.0 75.0 934.0 121.0 778.0 329.0 795.0 
655.0 517.0 207.0 1000.0 890.0 642.0 863.0 0.0 53.0 871.0 451.0 817.0 102.0 537.0 428.0 
665.0 499.0 156.0 965.0 888.0 619.0 856.0 53.0 0.0 869.0 397.0 818.0 78.0 527.0 376.0 
264.0 413.0 937.0 622.0 20.0 371.0 75.0 871.0 869.0 0.0 976.0 67.0 792.0 350.0 839.0 
864.0 565.0 253.0 800.0 996.0 622.0 934.0 451.0 397.0 976.0 0.0 948.0 396.0 642.0 139.0 
197.0 382.0 893.0 656.0 79.0 362.0 121.0 817.0 818.0 67.0 948.0 0.0 742.0 310.0 812.0 
593.0 421.0 187.0 898.0 811.0 543.0 778.0 102.0 78.0 792.0 396.0 742.0 0.0 449.0 347.0 
242.0 89.0 587.0 593.0 370.0 175.0 329.0 537.0 527.0 350.0 642.0 310.0 449.0 0.0 509.0 
738.0 429.0 272.0 684.0 859.0 483.0 795.0 428.0 376.0 839.0 139.0 812.0 347.0 509.0 0.0 

0.0  10543.753981484817
0.0  9896.753981484817
1552.8442973004287  2913.762423274418
5158.272735683576  2.147483647E9
8475.303654574302  9354.753981484817
0.0  8964.753981484817
6017.529829642525  6255.529829642525
4158.272735683576  4736.272735683576
6873.529829642525  2.147483647E9
355.27224047973357  861.0
9404.062450009182  10461.753981484817
0.0  4656.881573229518
1631.1202958956392  2039.7624232744179
0.0  1590.7624232744179
4882.881573229518  5468.881573229518

1 -> 10
5 -> 4
6 -> 8
7 -> 3
11 -> 14
13 -> 12
