15

5

0.0 333.0 599.0 910.0 868.0 699.0 598.0 458.0 336.0 107.0 538.0 828.0 864.0 610.0 262.0 
333.0 0.0 441.0 576.0 561.0 368.0 267.0 331.0 514.0 322.0 281.0 496.0 531.0 425.0 98.0 
599.0 441.0 0.0 667.0 815.0 574.0 519.0 140.0 900.0 661.0 207.0 557.0 614.0 48.0 519.0 
910.0 576.0 667.0 0.0 271.0 220.0 316.0 684.0 1021.0 886.0 495.0 110.0 53.0 619.0 655.0 
868.0 561.0 815.0 271.0 0.0 240.0 315.0 786.0 887.0 814.0 613.0 329.0 288.0 772.0 606.0 
699.0 368.0 574.0 220.0 240.0 0.0 101.0 548.0 801.0 668.0 372.0 181.0 187.0 532.0 440.0 
598.0 267.0 519.0 316.0 315.0 101.0 0.0 474.0 712.0 569.0 312.0 256.0 277.0 482.0 340.0 
458.0 331.0 140.0 684.0 786.0 548.0 474.0 0.0 762.0 522.0 188.0 576.0 631.0 156.0 396.0 
336.0 514.0 900.0 1021.0 887.0 801.0 712.0 762.0 0.0 244.0 786.0 968.0 988.0 900.0 416.0 
107.0 322.0 661.0 886.0 814.0 668.0 569.0 522.0 244.0 0.0 568.0 814.0 845.0 665.0 231.0 
538.0 281.0 207.0 495.0 613.0 372.0 312.0 188.0 786.0 568.0 0.0 387.0 442.0 171.0 375.0 
828.0 496.0 557.0 110.0 329.0 181.0 256.0 576.0 968.0 814.0 387.0 0.0 58.0 509.0 582.0 
864.0 531.0 614.0 53.0 288.0 187.0 277.0 631.0 988.0 845.0 442.0 58.0 0.0 567.0 613.0 
610.0 425.0 48.0 619.0 772.0 532.0 482.0 156.0 900.0 665.0 171.0 509.0 567.0 0.0 508.0 
262.0 98.0 519.0 655.0 606.0 440.0 340.0 396.0 416.0 231.0 375.0 582.0 613.0 508.0 0.0 

0.0  9401.559129246787
1409.6787252462782  2623.678725246278
8217.559129246787  9451.559129246787
0.0  7820.507139171139
0.0  8636.559129246787
772.9500888115995  2.147483647E9
6058.742252238639  2.147483647E9
506.8683975500021  2427.0
4268.118654122163  6110.118654122163
5451.854365657317  2.147483647E9
4883.854365657317  6222.118654122163
7503.763097377904  7930.507139171139
5781.742252238639  7365.742252238639
240.95008881159953  1711.0
4684.118654122163  2.147483647E9

3 -> 11
4 -> 2
8 -> 14
10 -> 9
12 -> 6
13 -> 5
