10 4488.0

5

0.0 634.0 476.0 362.0 508.0 311.0 90.0 109.0 313.0 804.0 
634.0 0.0 483.0 989.0 332.0 374.0 718.0 584.0 947.0 322.0 
476.0 483.0 0.0 800.0 637.0 230.0 512.0 369.0 714.0 791.0 
362.0 989.0 800.0 0.0 805.0 671.0 294.0 447.0 108.0 1117.0 
508.0 332.0 637.0 805.0 0.0 423.0 597.0 519.0 797.0 313.0 
311.0 374.0 230.0 671.0 423.0 0.0 379.0 228.0 608.0 633.0 
90.0 718.0 512.0 294.0 597.0 379.0 0.0 152.0 230.0 894.0 
109.0 584.0 369.0 447.0 519.0 228.0 152.0 0.0 379.0 793.0 
313.0 947.0 714.0 108.0 797.0 608.0 230.0 379.0 0.0 1104.0 
804.0 322.0 791.0 1117.0 313.0 633.0 894.0 793.0 1104.0 0.0 

0.0  4535.0
3527.0  3538.0
3997.0  4047.0
2287.0  2319.0
3190.0  3238.0
1595.0  1667.0
83.0  97.0
1798.0  1884.0
2364.0  2421.0
930.0  1022.0

3 -> 8
4 -> 1
5 -> 7
