10

5

0.0 1115.0 869.0 723.0 363.0 719.0 713.0 949.0 688.0 515.0 
1115.0 0.0 586.0 392.0 830.0 814.0 540.0 269.0 832.0 614.0 
869.0 586.0 0.0 438.0 505.0 260.0 739.0 673.0 288.0 432.0 
723.0 392.0 438.0 0.0 453.0 561.0 303.0 292.0 563.0 228.0 
363.0 830.0 505.0 453.0 0.0 378.0 589.0 733.0 352.0 226.0 
719.0 814.0 260.0 561.0 378.0 0.0 823.0 841.0 34.0 436.0 
713.0 540.0 739.0 303.0 589.0 823.0 0.0 287.0 817.0 399.0 
949.0 269.0 673.0 292.0 733.0 841.0 287.0 0.0 848.0 507.0 
688.0 832.0 288.0 563.0 352.0 34.0 817.0 848.0 0.0 425.0 
515.0 614.0 432.0 228.0 226.0 436.0 399.0 507.0 425.0 0.0 

0.0  8274.965239889854
1051.0966950153138  2775.0
6212.775790824322  6876.775790824322
4447.892041410857  2.147483647E9
2192.0836596330273  2.147483647E9
1814.0836596330273  2464.0
0.0  8607.965239889854
2782.116180508806  2818.116180508806
3884.892041410857  5527.892041410857
7682.965239889854  9006.965239889854

5 -> 4
6 -> 9
8 -> 3
