10

5

0.0 208.0 550.0 424.0 456.0 153.0 447.0 693.0 580.0 330.0 
208.0 0.0 424.0 388.0 379.0 80.0 387.0 615.0 377.0 217.0 
550.0 424.0 0.0 225.0 140.0 498.0 785.0 979.0 321.0 609.0 
424.0 388.0 225.0 0.0 85.0 437.0 775.0 1001.0 485.0 604.0 
456.0 379.0 140.0 85.0 0.0 440.0 763.0 979.0 412.0 589.0 
153.0 80.0 498.0 437.0 440.0 0.0 347.0 586.0 453.0 196.0 
447.0 387.0 785.0 775.0 763.0 347.0 0.0 245.0 602.0 176.0 
693.0 615.0 979.0 1001.0 979.0 586.0 245.0 0.0 739.0 397.0 
580.0 377.0 321.0 485.0 412.0 453.0 602.0 739.0 0.0 450.0 
330.0 217.0 609.0 604.0 589.0 196.0 176.0 397.0 450.0 0.0 

0.0  6390.268816283689
3283.916750565212  5055.119421206047
2094.089231235276  3635.089231235276
3495.653963063224  2.147483647E9
0.0  6400.268816283689
0.0  4975.119421206047
5172.268816283689  7163.268816283689
990.1465152880721  1451.1465152880721
3010.653963063224  3969.1194212060473
2954.1194212060473  3076.1194212060473

4 -> 6
5 -> 1
8 -> 3
