20

5

0.0 627.0 750.0 622.0 585.0 894.0 800.0 360.0 104.0 345.0 708.0 573.0 515.0 239.0 171.0 317.0 545.0 471.0 662.0 761.0 
627.0 0.0 448.0 68.0 934.0 409.0 550.0 321.0 581.0 451.0 265.0 663.0 676.0 521.0 720.0 618.0 256.0 380.0 327.0 223.0 
750.0 448.0 0.0 516.0 723.0 231.0 101.0 640.0 655.0 411.0 192.0 385.0 443.0 788.0 741.0 532.0 249.0 768.0 127.0 657.0 
622.0 68.0 516.0 0.0 971.0 473.0 617.0 291.0 587.0 484.0 333.0 713.0 721.0 492.0 730.0 647.0 313.0 326.0 393.0 173.0 
585.0 934.0 723.0 971.0 0.0 951.0 693.0 836.0 511.0 486.0 827.0 337.0 283.0 807.0 423.0 335.0 703.0 987.0 732.0 1143.0 
894.0 409.0 231.0 473.0 951.0 0.0 299.0 692.0 811.0 583.0 187.0 615.0 669.0 873.0 919.0 730.0 349.0 784.0 242.0 563.0 
800.0 550.0 101.0 617.0 693.0 299.0 0.0 726.0 700.0 455.0 294.0 358.0 426.0 862.0 770.0 550.0 338.0 859.0 225.0 759.0 
360.0 321.0 640.0 291.0 836.0 692.0 726.0 0.0 360.0 387.0 512.0 671.0 647.0 201.0 502.0 503.0 391.0 156.0 518.0 406.0 
104.0 581.0 655.0 587.0 511.0 811.0 700.0 360.0 0.0 246.0 629.0 470.0 413.0 296.0 144.0 217.0 464.0 495.0 574.0 740.0 
345.0 451.0 411.0 484.0 486.0 583.0 455.0 387.0 246.0 0.0 411.0 286.0 261.0 447.0 336.0 169.0 252.0 543.0 341.0 656.0 
708.0 265.0 192.0 333.0 827.0 187.0 294.0 512.0 629.0 411.0 0.0 506.0 545.0 688.0 743.0 570.0 164.0 617.0 99.0 465.0 
573.0 663.0 385.0 713.0 337.0 615.0 358.0 671.0 470.0 286.0 506.0 0.0 74.0 724.0 481.0 261.0 410.0 827.0 407.0 885.0 
515.0 676.0 443.0 721.0 283.0 669.0 426.0 647.0 413.0 261.0 545.0 74.0 0.0 682.0 412.0 197.0 431.0 804.0 449.0 894.0 
239.0 521.0 788.0 492.0 807.0 873.0 862.0 201.0 296.0 447.0 688.0 724.0 682.0 0.0 409.0 500.0 545.0 251.0 675.0 594.0 
171.0 720.0 741.0 730.0 423.0 919.0 770.0 502.0 144.0 336.0 743.0 481.0 412.0 409.0 0.0 225.0 579.0 630.0 677.0 884.0 
317.0 618.0 532.0 647.0 335.0 730.0 550.0 503.0 217.0 169.0 570.0 261.0 197.0 500.0 225.0 0.0 417.0 656.0 489.0 818.0 
545.0 256.0 249.0 313.0 703.0 349.0 338.0 391.0 464.0 252.0 164.0 410.0 431.0 545.0 579.0 417.0 0.0 521.0 129.0 479.0 
471.0 380.0 768.0 326.0 987.0 784.0 859.0 156.0 495.0 543.0 617.0 827.0 804.0 251.0 630.0 656.0 521.0 0.0 641.0 372.0 
662.0 327.0 127.0 393.0 732.0 242.0 225.0 518.0 574.0 341.0 99.0 407.0 449.0 675.0 677.0 489.0 129.0 641.0 0.0 542.0 
761.0 223.0 657.0 173.0 1143.0 563.0 759.0 406.0 740.0 656.0 465.0 885.0 894.0 594.0 884.0 818.0 479.0 372.0 542.0 0.0 

0.0  12526.519673286151
4538.082406553347  4798.082406553347
1506.615429864562  1811.615429864562
2022.615429864562  2.147483647E9
2004.8540955836318  2816.615429864562
7609.730594000689  9158.506853726809
3630.007208312311  2.147483647E9
10132.121809173264  12037.342750665317
2434.753555950076  2893.615429864562
0.0  4347.082406553347
0.0  11525.342750665317
0.0  10704.342750665317
0.0  5009.0072083123105
409.0  2.147483647E9
0.0  970.0
9879.085352807306  10965.342750665317
3485.9838227930886  5440.0072083123105
9403.342750665317  10917.342750665317
3405.007208312311  3992.007208312311
0.0  10545.342750665317

2 -> 3
18 -> 6
19 -> 17
9 -> 1
10 -> 7
11 -> 15
12 -> 16
14 -> 13
