10

5

0.0 225.0 741.0 548.0 444.0 124.0 552.0 291.0 795.0 544.0 
225.0 0.0 548.0 330.0 307.0 325.0 399.0 134.0 606.0 390.0 
741.0 548.0 0.0 257.0 325.0 859.0 228.0 449.0 705.0 698.0 
548.0 330.0 257.0 0.0 267.0 655.0 256.0 278.0 507.0 447.0 
444.0 307.0 325.0 267.0 0.0 568.0 109.0 175.0 752.0 622.0 
124.0 325.0 859.0 655.0 568.0 0.0 676.0 411.0 840.0 575.0 
552.0 399.0 228.0 256.0 109.0 676.0 0.0 273.0 762.0 669.0 
291.0 134.0 449.0 278.0 175.0 411.0 273.0 0.0 669.0 490.0 
795.0 606.0 705.0 507.0 752.0 840.0 762.0 669.0 0.0 272.0 
544.0 390.0 698.0 447.0 622.0 575.0 669.0 490.0 272.0 0.0 

0.0  5950.332696694678
0.0  4867.332696694678
4354.9295866475  5666.332696694678
4831.093668768045  5197.332696694678
1125.5793282202173  2366.110053284238
1693.5793282202173  2.147483647E9
5001.752369969464  6458.332696694678
4624.853230498875  6158.332696694678
0.0  5696.332696694678
892.1100532842379  1631.110053284238

1 -> 3
4 -> 5
8 -> 6
