10

5

0.0 810.0 153.0 508.0 415.0 148.0 551.0 846.0 447.0 352.0 
810.0 0.0 722.0 366.0 469.0 822.0 680.0 481.0 892.0 1021.0 
153.0 722.0 0.0 475.0 405.0 100.0 399.0 701.0 333.0 325.0 
508.0 366.0 475.0 0.0 107.0 571.0 644.0 669.0 753.0 800.0 
415.0 469.0 405.0 107.0 0.0 495.0 638.0 725.0 708.0 727.0 
148.0 822.0 100.0 571.0 495.0 0.0 435.0 772.0 299.0 232.0 
551.0 680.0 399.0 644.0 638.0 435.0 0.0 397.0 270.0 491.0 
846.0 481.0 701.0 669.0 725.0 772.0 397.0 0.0 667.0 881.0 
447.0 892.0 333.0 753.0 708.0 299.0 270.0 667.0 0.0 240.0 
352.0 1021.0 325.0 800.0 727.0 232.0 491.0 881.0 240.0 0.0 

0.0  6950.490196535267
849.5059419335001  2728.5059419335003
1571.5059419335003  2.147483647E9
3622.272163958217  4287.204260171417
3729.272163958217  2.147483647E9
4829.421132868845  6068.421132868845
0.0  6571.421132868845
5345.134422978575  6968.421132868845
1670.269363838232  2045.5059419335003
3055.2042601714174  4155.204260171417

1 -> 2
3 -> 4
6 -> 7
