30 13913.0

7

0.0 244.0 671.0 321.0 238.0 216.0 398.0 270.0 638.0 625.0 378.0 390.0 262.0 435.0 374.0 394.0 604.0 722.0 791.0 442.0 665.0 657.0 656.0 443.0 464.0 400.0 289.0 799.0 337.0 838.0 
244.0 0.0 436.0 442.0 143.0 321.0 192.0 393.0 522.0 477.0 573.0 595.0 493.0 378.0 486.0 195.0 470.0 478.0 555.0 243.0 434.0 422.0 412.0 595.0 490.0 620.0 326.0 569.0 176.0 594.0 
671.0 436.0 0.0 855.0 461.0 742.0 286.0 811.0 690.0 601.0 1005.0 1029.0 928.0 500.0 890.0 294.0 626.0 111.0 329.0 259.0 40.0 15.0 155.0 1011.0 838.0 1056.0 598.0 381.0 480.0 203.0 
321.0 442.0 855.0 0.0 521.0 122.0 635.0 52.0 500.0 536.0 191.0 231.0 259.0 747.0 53.0 637.0 499.0 867.0 854.0 685.0 862.0 844.0 783.0 155.0 199.0 289.0 610.0 839.0 386.0 974.0 
238.0 143.0 461.0 521.0 0.0 399.0 175.0 469.0 665.0 619.0 613.0 627.0 499.0 243.0 570.0 167.0 614.0 531.0 652.0 211.0 447.0 445.0 484.0 662.0 607.0 638.0 188.0 675.0 320.0 647.0 
216.0 321.0 742.0 122.0 399.0 0.0 513.0 72.0 482.0 497.0 270.0 301.0 262.0 630.0 171.0 515.0 465.0 761.0 769.0 564.0 746.0 730.0 680.0 273.0 250.0 345.0 500.0 760.0 287.0 871.0 
398.0 192.0 286.0 635.0 175.0 513.0 0.0 585.0 644.0 578.0 757.0 776.0 660.0 279.0 679.0 13.0 584.0 362.0 509.0 51.0 271.0 270.0 327.0 786.0 674.0 795.0 325.0 541.0 325.0 476.0 
270.0 393.0 811.0 52.0 469.0 72.0 585.0 0.0 499.0 526.0 211.0 248.0 243.0 695.0 104.0 587.0 491.0 827.0 824.0 636.0 817.0 800.0 744.0 201.0 223.0 299.0 559.0 813.0 348.0 935.0 
638.0 522.0 690.0 500.0 665.0 482.0 644.0 499.0 0.0 93.0 689.0 730.0 740.0 895.0 489.0 656.0 64.0 636.0 502.0 685.0 719.0 688.0 548.0 606.0 329.0 789.0 842.0 460.0 345.0 700.0 
625.0 477.0 601.0 536.0 619.0 497.0 578.0 526.0 93.0 0.0 728.0 768.0 759.0 840.0 535.0 590.0 42.0 543.0 409.0 615.0 631.0 600.0 457.0 657.0 388.0 824.0 803.0 370.0 305.0 606.0 
378.0 573.0 1005.0 191.0 613.0 270.0 757.0 211.0 689.0 728.0 0.0 42.0 164.0 809.0 201.0 756.0 690.0 1030.0 1036.0 805.0 1006.0 992.0 950.0 129.0 372.0 105.0 649.0 1024.0 557.0 1140.0 
390.0 595.0 1029.0 231.0 627.0 301.0 776.0 248.0 730.0 768.0 42.0 0.0 153.0 814.0 243.0 775.0 731.0 1058.0 1070.0 823.0 1030.0 1017.0 979.0 166.0 414.0 64.0 650.0 1060.0 589.0 1170.0 
262.0 493.0 928.0 259.0 499.0 262.0 660.0 243.0 740.0 759.0 164.0 153.0 0.0 668.0 298.0 657.0 727.0 969.0 1010.0 704.0 924.0 914.0 897.0 282.0 459.0 141.0 502.0 1008.0 529.0 1085.0 
435.0 378.0 500.0 747.0 243.0 630.0 279.0 695.0 895.0 840.0 809.0 814.0 668.0 0.0 799.0 265.0 840.0 602.0 780.0 266.0 469.0 485.0 590.0 878.0 849.0 810.0 172.0 816.0 553.0 704.0 
374.0 486.0 890.0 53.0 570.0 171.0 679.0 104.0 489.0 535.0 201.0 243.0 298.0 799.0 0.0 682.0 495.0 897.0 871.0 730.0 899.0 880.0 811.0 128.0 171.0 306.0 663.0 853.0 414.0 1001.0 
394.0 195.0 294.0 637.0 167.0 515.0 13.0 587.0 656.0 590.0 756.0 775.0 657.0 265.0 682.0 0.0 596.0 373.0 523.0 49.0 279.0 279.0 340.0 788.0 680.0 792.0 313.0 555.0 334.0 487.0 
604.0 470.0 626.0 499.0 614.0 465.0 584.0 491.0 64.0 42.0 690.0 731.0 727.0 840.0 495.0 596.0 0.0 574.0 448.0 624.0 655.0 624.0 486.0 617.0 346.0 787.0 794.0 411.0 295.0 641.0 
722.0 478.0 111.0 867.0 531.0 761.0 362.0 827.0 636.0 543.0 1030.0 1058.0 969.0 602.0 897.0 373.0 574.0 0.0 222.0 347.0 151.0 123.0 90.0 1022.0 824.0 1091.0 685.0 277.0 482.0 116.0 
791.0 555.0 329.0 854.0 652.0 769.0 509.0 824.0 502.0 409.0 1036.0 1070.0 1010.0 780.0 871.0 523.0 448.0 222.0 0.0 514.0 369.0 338.0 192.0 1000.0 761.0 1113.0 830.0 57.0 483.0 222.0 
442.0 243.0 259.0 685.0 211.0 564.0 51.0 636.0 685.0 615.0 805.0 823.0 704.0 266.0 730.0 49.0 624.0 347.0 514.0 0.0 240.0 244.0 325.0 837.0 725.0 840.0 339.0 550.0 373.0 458.0 
665.0 434.0 40.0 862.0 447.0 746.0 271.0 817.0 719.0 631.0 1006.0 1030.0 924.0 469.0 899.0 279.0 655.0 151.0 369.0 240.0 0.0 33.0 193.0 1017.0 854.0 1054.0 575.0 421.0 493.0 236.0 
657.0 422.0 15.0 844.0 445.0 730.0 270.0 800.0 688.0 600.0 992.0 1017.0 914.0 485.0 880.0 279.0 624.0 123.0 338.0 244.0 33.0 0.0 160.0 1000.0 830.0 1043.0 583.0 389.0 471.0 218.0 
656.0 412.0 155.0 783.0 484.0 680.0 327.0 744.0 548.0 457.0 950.0 979.0 897.0 590.0 811.0 340.0 486.0 90.0 192.0 325.0 193.0 160.0 0.0 937.0 735.0 1014.0 652.0 236.0 397.0 191.0 
443.0 595.0 1011.0 155.0 662.0 273.0 786.0 201.0 606.0 657.0 129.0 166.0 282.0 878.0 128.0 788.0 617.0 1022.0 1000.0 837.0 1017.0 1000.0 937.0 0.0 277.0 229.0 728.0 982.0 540.0 1127.0 
464.0 490.0 838.0 199.0 607.0 250.0 674.0 223.0 329.0 388.0 372.0 414.0 459.0 849.0 171.0 680.0 346.0 824.0 761.0 725.0 854.0 830.0 735.0 277.0 0.0 477.0 738.0 735.0 362.0 918.0 
400.0 620.0 1056.0 289.0 638.0 345.0 795.0 299.0 789.0 824.0 105.0 64.0 141.0 810.0 306.0 792.0 787.0 1091.0 1113.0 840.0 1054.0 1043.0 1014.0 229.0 477.0 0.0 642.0 1106.0 630.0 1204.0 
289.0 326.0 598.0 610.0 188.0 500.0 325.0 559.0 842.0 803.0 649.0 650.0 502.0 172.0 663.0 313.0 794.0 685.0 830.0 339.0 575.0 583.0 652.0 728.0 738.0 642.0 0.0 856.0 499.0 797.0 
799.0 569.0 381.0 839.0 675.0 760.0 541.0 813.0 460.0 370.0 1024.0 1060.0 1008.0 816.0 853.0 555.0 411.0 277.0 57.0 550.0 421.0 389.0 236.0 982.0 735.0 1106.0 856.0 0.0 479.0 279.0 
337.0 176.0 480.0 386.0 320.0 287.0 325.0 348.0 345.0 305.0 557.0 589.0 529.0 553.0 414.0 334.0 295.0 482.0 483.0 373.0 493.0 471.0 397.0 540.0 362.0 630.0 499.0 479.0 0.0 588.0 
838.0 594.0 203.0 974.0 647.0 871.0 476.0 935.0 700.0 606.0 1140.0 1170.0 1085.0 704.0 1001.0 487.0 641.0 116.0 222.0 458.0 236.0 218.0 191.0 1127.0 918.0 1204.0 797.0 279.0 588.0 0.0 

0.0  13999.0
803.0  834.0
8731.0  8767.0
12265.0  12315.0
9191.0  9205.0
2138.0  2232.0
574.0  666.0
2105.0  2128.0
10243.0  10292.0
8092.0  8216.0
5238.0  5272.0
13435.0  13581.0
7069.0  7152.0
11478.0  11562.0
9708.0  9791.0
3162.0  3215.0
12767.0  12792.0
3491.0  3601.0
10750.0  10774.0
1002.0  1080.0
1266.0  1321.0
2877.0  2911.0
6206.0  6238.0
7398.0  7510.0
7732.0  7785.0
7249.0  7253.0
259.0  326.0
3828.0  3840.0
4696.0  4717.0
4107.0  4121.0

1 -> 21
5 -> 8
7 -> 28
10 -> 3
12 -> 2
14 -> 13
15 -> 4
16 -> 11
17 -> 23
19 -> 29
20 -> 25
22 -> 18
24 -> 9
